%%%%MatrixMarket matrix coordinate complex hermitian
924 924 3548 
1 1 2.000000 0.000000
2 1 0.500000 0.000000
2 2 1.000000 0.000000
3 2 0.500000 0.000000
3 3 1.000000 0.000000
4 3 0.500000 0.000000
4 4 1.000000 0.000000
5 4 0.500000 0.000000
5 5 1.000000 0.000000
6 5 0.500000 0.000000
6 6 1.000000 0.000000
7 6 0.500000 0.000000
7 7 2.000000 0.000000
8 2 0.500000 0.000000
8 8 1.000000 0.000000
9 3 0.500000 0.000000
9 8 0.500000 0.000000
10 4 0.500000 0.000000
10 9 0.500000 0.000000
11 5 0.500000 0.000000
11 10 0.500000 0.000000
12 6 0.500000 0.000000
12 11 0.500000 0.000000
13 7 0.500000 0.000000
13 12 0.500000 0.000000
13 13 1.000000 0.000000
14 9 0.500000 0.000000
14 14 1.000000 0.000000
15 10 0.500000 0.000000
15 14 0.500000 0.000000
16 11 0.500000 0.000000
16 15 0.500000 0.000000
17 12 0.500000 0.000000
17 16 0.500000 0.000000
18 13 0.500000 0.000000
18 17 0.500000 0.000000
18 18 1.000000 0.000000
19 15 0.500000 0.000000
19 19 1.000000 0.000000
20 16 0.500000 0.000000
20 19 0.500000 0.000000
21 17 0.500000 0.000000
21 20 0.500000 0.000000
22 18 0.500000 0.000000
22 21 0.500000 0.000000
22 22 1.000000 0.000000
23 20 0.500000 0.000000
23 23 1.000000 0.000000
24 21 0.500000 0.000000
24 23 0.500000 0.000000
25 22 0.500000 0.000000
25 24 0.500000 0.000000
25 25 1.000000 0.000000
26 24 0.500000 0.000000
26 26 1.000000 0.000000
27 25 0.500000 0.000000
27 26 0.500000 0.000000
27 27 1.000000 0.000000
28 27 0.500000 0.000000
28 28 2.000000 0.000000
29 8 0.500000 0.000000
29 29 1.000000 0.000000
30 9 0.500000 0.000000
30 29 0.500000 0.000000
31 10 0.500000 0.000000
31 30 0.500000 0.000000
32 11 0.500000 0.000000
32 31 0.500000 0.000000
33 12 0.500000 0.000000
33 32 0.500000 0.000000
34 13 0.500000 0.000000
34 33 0.500000 0.000000
34 34 1.000000 0.000000
35 14 0.500000 0.000000
35 30 0.500000 0.000000
36 15 0.500000 0.000000
36 31 0.500000 0.000000
36 35 0.500000 0.000000
36 36 -1.000000 0.000000
37 16 0.500000 0.000000
37 32 0.500000 0.000000
37 36 0.500000 0.000000
37 37 -1.000000 0.000000
38 17 0.500000 0.000000
38 33 0.500000 0.000000
38 37 0.500000 0.000000
38 38 -1.000000 0.000000
39 18 0.500000 0.000000
39 34 0.500000 0.000000
39 38 0.500000 0.000000
40 19 0.500000 0.000000
40 36 0.500000 0.000000
41 20 0.500000 0.000000
41 37 0.500000 0.000000
41 40 0.500000 0.000000
41 41 -1.000000 0.000000
42 21 0.500000 0.000000
42 38 0.500000 0.000000
42 41 0.500000 0.000000
42 42 -1.000000 0.000000
43 22 0.500000 0.000000
43 39 0.500000 0.000000
43 42 0.500000 0.000000
44 23 0.500000 0.000000
44 41 0.500000 0.000000
45 24 0.500000 0.000000
45 42 0.500000 0.000000
45 44 0.500000 0.000000
45 45 -1.000000 0.000000
46 25 0.500000 0.000000
46 43 0.500000 0.000000
46 45 0.500000 0.000000
47 26 0.500000 0.000000
47 45 0.500000 0.000000
48 27 0.500000 0.000000
48 46 0.500000 0.000000
48 47 0.500000 0.000000
49 28 0.500000 0.000000
49 48 0.500000 0.000000
49 49 1.000000 0.000000
50 35 0.500000 0.000000
50 50 1.000000 0.000000
51 36 0.500000 0.000000
51 50 0.500000 0.000000
52 37 0.500000 0.000000
52 51 0.500000 0.000000
53 38 0.500000 0.000000
53 52 0.500000 0.000000
54 39 0.500000 0.000000
54 53 0.500000 0.000000
54 54 1.000000 0.000000
55 40 0.500000 0.000000
55 51 0.500000 0.000000
56 41 0.500000 0.000000
56 52 0.500000 0.000000
56 55 0.500000 0.000000
56 56 -1.000000 0.000000
57 42 0.500000 0.000000
57 53 0.500000 0.000000
57 56 0.500000 0.000000
57 57 -1.000000 0.000000
58 43 0.500000 0.000000
58 54 0.500000 0.000000
58 57 0.500000 0.000000
59 44 0.500000 0.000000
59 56 0.500000 0.000000
60 45 0.500000 0.000000
60 57 0.500000 0.000000
60 59 0.500000 0.000000
60 60 -1.000000 0.000000
61 46 0.500000 0.000000
61 58 0.500000 0.000000
61 60 0.500000 0.000000
62 47 0.500000 0.000000
62 60 0.500000 0.000000
63 48 0.500000 0.000000
63 61 0.500000 0.000000
63 62 0.500000 0.000000
64 49 0.500000 0.000000
64 63 0.500000 0.000000
64 64 1.000000 0.000000
65 55 0.500000 0.000000
65 65 1.000000 0.000000
66 56 0.500000 0.000000
66 65 0.500000 0.000000
67 57 0.500000 0.000000
67 66 0.500000 0.000000
68 58 0.500000 0.000000
68 67 0.500000 0.000000
68 68 1.000000 0.000000
69 59 0.500000 0.000000
69 66 0.500000 0.000000
70 60 0.500000 0.000000
70 67 0.500000 0.000000
70 69 0.500000 0.000000
70 70 -1.000000 0.000000
71 61 0.500000 0.000000
71 68 0.500000 0.000000
71 70 0.500000 0.000000
72 62 0.500000 0.000000
72 70 0.500000 0.000000
73 63 0.500000 0.000000
73 71 0.500000 0.000000
73 72 0.500000 0.000000
74 64 0.500000 0.000000
74 73 0.500000 0.000000
74 74 1.000000 0.000000
75 69 0.500000 0.000000
75 75 1.000000 0.000000
76 70 0.500000 0.000000
76 75 0.500000 0.000000
77 71 0.500000 0.000000
77 76 0.500000 0.000000
77 77 1.000000 0.000000
78 72 0.500000 0.000000
78 76 0.500000 0.000000
79 73 0.500000 0.000000
79 77 0.500000 0.000000
79 78 0.500000 0.000000
80 74 0.500000 0.000000
80 79 0.500000 0.000000
80 80 1.000000 0.000000
81 78 0.500000 0.000000
81 81 1.000000 0.000000
82 79 0.500000 0.000000
82 81 0.500000 0.000000
82 82 1.000000 0.000000
83 80 0.500000 0.000000
83 82 0.500000 0.000000
83 83 1.000000 0.000000
84 83 0.500000 0.000000
84 84 2.000000 0.000000
85 29 0.500000 0.000000
85 85 1.000000 0.000000
86 30 0.500000 0.000000
86 85 0.500000 0.000000
87 31 0.500000 0.000000
87 86 0.500000 0.000000
88 32 0.500000 0.000000
88 87 0.500000 0.000000
89 33 0.500000 0.000000
89 88 0.500000 0.000000
90 34 0.500000 0.000000
90 89 0.500000 0.000000
90 90 1.000000 0.000000
91 35 0.500000 0.000000
91 86 0.500000 0.000000
92 36 0.500000 0.000000
92 87 0.500000 0.000000
92 91 0.500000 0.000000
92 92 -1.000000 0.000000
93 37 0.500000 0.000000
93 88 0.500000 0.000000
93 92 0.500000 0.000000
93 93 -1.000000 0.000000
94 38 0.500000 0.000000
94 89 0.500000 0.000000
94 93 0.500000 0.000000
94 94 -1.000000 0.000000
95 39 0.500000 0.000000
95 90 0.500000 0.000000
95 94 0.500000 0.000000
96 40 0.500000 0.000000
96 92 0.500000 0.000000
97 41 0.500000 0.000000
97 93 0.500000 0.000000
97 96 0.500000 0.000000
97 97 -1.000000 0.000000
98 42 0.500000 0.000000
98 94 0.500000 0.000000
98 97 0.500000 0.000000
98 98 -1.000000 0.000000
99 43 0.500000 0.000000
99 95 0.500000 0.000000
99 98 0.500000 0.000000
100 44 0.500000 0.000000
100 97 0.500000 0.000000
101 45 0.500000 0.000000
101 98 0.500000 0.000000
101 100 0.500000 0.000000
101 101 -1.000000 0.000000
102 46 0.500000 0.000000
102 99 0.500000 0.000000
102 101 0.500000 0.000000
103 47 0.500000 0.000000
103 101 0.500000 0.000000
104 48 0.500000 0.000000
104 102 0.500000 0.000000
104 103 0.500000 0.000000
105 49 0.500000 0.000000
105 104 0.500000 0.000000
105 105 1.000000 0.000000
106 50 0.500000 0.000000
106 91 0.500000 0.000000
107 51 0.500000 0.000000
107 92 0.500000 0.000000
107 106 0.500000 0.000000
107 107 -1.000000 0.000000
108 52 0.500000 0.000000
108 93 0.500000 0.000000
108 107 0.500000 0.000000
108 108 -1.000000 0.000000
109 53 0.500000 0.000000
109 94 0.500000 0.000000
109 108 0.500000 0.000000
109 109 -1.000000 0.000000
110 54 0.500000 0.000000
110 95 0.500000 0.000000
110 109 0.500000 0.000000
111 55 0.500000 0.000000
111 96 0.500000 0.000000
111 107 0.500000 0.000000
111 111 -1.000000 0.000000
112 56 0.500000 0.000000
112 97 0.500000 0.000000
112 108 0.500000 0.000000
112 111 0.500000 0.000000
112 112 -2.000000 0.000000
113 57 0.500000 0.000000
113 98 0.500000 0.000000
113 109 0.500000 0.000000
113 112 0.500000 0.000000
113 113 -2.000000 0.000000
114 58 0.500000 0.000000
114 99 0.500000 0.000000
114 110 0.500000 0.000000
114 113 0.500000 0.000000
114 114 -1.000000 0.000000
115 59 0.500000 0.000000
115 100 0.500000 0.000000
115 112 0.500000 0.000000
115 115 -1.000000 0.000000
116 60 0.500000 0.000000
116 101 0.500000 0.000000
116 113 0.500000 0.000000
116 115 0.500000 0.000000
116 116 -2.000000 0.000000
117 61 0.500000 0.000000
117 102 0.500000 0.000000
117 114 0.500000 0.000000
117 116 0.500000 0.000000
117 117 -1.000000 0.000000
118 62 0.500000 0.000000
118 103 0.500000 0.000000
118 116 0.500000 0.000000
118 118 -1.000000 0.000000
119 63 0.500000 0.000000
119 104 0.500000 0.000000
119 117 0.500000 0.000000
119 118 0.500000 0.000000
119 119 -1.000000 0.000000
120 64 0.500000 0.000000
120 105 0.500000 0.000000
120 119 0.500000 0.000000
121 65 0.500000 0.000000
121 111 0.500000 0.000000
122 66 0.500000 0.000000
122 112 0.500000 0.000000
122 121 0.500000 0.000000
122 122 -1.000000 0.000000
123 67 0.500000 0.000000
123 113 0.500000 0.000000
123 122 0.500000 0.000000
123 123 -1.000000 0.000000
124 68 0.500000 0.000000
124 114 0.500000 0.000000
124 123 0.500000 0.000000
125 69 0.500000 0.000000
125 115 0.500000 0.000000
125 122 0.500000 0.000000
125 125 -1.000000 0.000000
126 70 0.500000 0.000000
126 116 0.500000 0.000000
126 123 0.500000 0.000000
126 125 0.500000 0.000000
126 126 -2.000000 0.000000
127 71 0.500000 0.000000
127 117 0.500000 0.000000
127 124 0.500000 0.000000
127 126 0.500000 0.000000
127 127 -1.000000 0.000000
128 72 0.500000 0.000000
128 118 0.500000 0.000000
128 126 0.500000 0.000000
128 128 -1.000000 0.000000
129 73 0.500000 0.000000
129 119 0.500000 0.000000
129 127 0.500000 0.000000
129 128 0.500000 0.000000
129 129 -1.000000 0.000000
130 74 0.500000 0.000000
130 120 0.500000 0.000000
130 129 0.500000 0.000000
131 75 0.500000 0.000000
131 125 0.500000 0.000000
132 76 0.500000 0.000000
132 126 0.500000 0.000000
132 131 0.500000 0.000000
132 132 -1.000000 0.000000
133 77 0.500000 0.000000
133 127 0.500000 0.000000
133 132 0.500000 0.000000
134 78 0.500000 0.000000
134 128 0.500000 0.000000
134 132 0.500000 0.000000
134 134 -1.000000 0.000000
135 79 0.500000 0.000000
135 129 0.500000 0.000000
135 133 0.500000 0.000000
135 134 0.500000 0.000000
135 135 -1.000000 0.000000
136 80 0.500000 0.000000
136 130 0.500000 0.000000
136 135 0.500000 0.000000
137 81 0.500000 0.000000
137 134 0.500000 0.000000
138 82 0.500000 0.000000
138 135 0.500000 0.000000
138 137 0.500000 0.000000
139 83 0.500000 0.000000
139 136 0.500000 0.000000
139 138 0.500000 0.000000
140 84 0.500000 0.000000
140 139 0.500000 0.000000
140 140 1.000000 0.000000
141 106 0.500000 0.000000
141 141 1.000000 0.000000
142 107 0.500000 0.000000
142 141 0.500000 0.000000
143 108 0.500000 0.000000
143 142 0.500000 0.000000
144 109 0.500000 0.000000
144 143 0.500000 0.000000
145 110 0.500000 0.000000
145 144 0.500000 0.000000
145 145 1.000000 0.000000
146 111 0.500000 0.000000
146 142 0.500000 0.000000
147 112 0.500000 0.000000
147 143 0.500000 0.000000
147 146 0.500000 0.000000
147 147 -1.000000 0.000000
148 113 0.500000 0.000000
148 144 0.500000 0.000000
148 147 0.500000 0.000000
148 148 -1.000000 0.000000
149 114 0.500000 0.000000
149 145 0.500000 0.000000
149 148 0.500000 0.000000
150 115 0.500000 0.000000
150 147 0.500000 0.000000
151 116 0.500000 0.000000
151 148 0.500000 0.000000
151 150 0.500000 0.000000
151 151 -1.000000 0.000000
152 117 0.500000 0.000000
152 149 0.500000 0.000000
152 151 0.500000 0.000000
153 118 0.500000 0.000000
153 151 0.500000 0.000000
154 119 0.500000 0.000000
154 152 0.500000 0.000000
154 153 0.500000 0.000000
155 120 0.500000 0.000000
155 154 0.500000 0.000000
155 155 1.000000 0.000000
156 121 0.500000 0.000000
156 146 0.500000 0.000000
157 122 0.500000 0.000000
157 147 0.500000 0.000000
157 156 0.500000 0.000000
157 157 -1.000000 0.000000
158 123 0.500000 0.000000
158 148 0.500000 0.000000
158 157 0.500000 0.000000
158 158 -1.000000 0.000000
159 124 0.500000 0.000000
159 149 0.500000 0.000000
159 158 0.500000 0.000000
160 125 0.500000 0.000000
160 150 0.500000 0.000000
160 157 0.500000 0.000000
160 160 -1.000000 0.000000
161 126 0.500000 0.000000
161 151 0.500000 0.000000
161 158 0.500000 0.000000
161 160 0.500000 0.000000
161 161 -2.000000 0.000000
162 127 0.500000 0.000000
162 152 0.500000 0.000000
162 159 0.500000 0.000000
162 161 0.500000 0.000000
162 162 -1.000000 0.000000
163 128 0.500000 0.000000
163 153 0.500000 0.000000
163 161 0.500000 0.000000
163 163 -1.000000 0.000000
164 129 0.500000 0.000000
164 154 0.500000 0.000000
164 162 0.500000 0.000000
164 163 0.500000 0.000000
164 164 -1.000000 0.000000
165 130 0.500000 0.000000
165 155 0.500000 0.000000
165 164 0.500000 0.000000
166 131 0.500000 0.000000
166 160 0.500000 0.000000
167 132 0.500000 0.000000
167 161 0.500000 0.000000
167 166 0.500000 0.000000
167 167 -1.000000 0.000000
168 133 0.500000 0.000000
168 162 0.500000 0.000000
168 167 0.500000 0.000000
169 134 0.500000 0.000000
169 163 0.500000 0.000000
169 167 0.500000 0.000000
169 169 -1.000000 0.000000
170 135 0.500000 0.000000
170 164 0.500000 0.000000
170 168 0.500000 0.000000
170 169 0.500000 0.000000
170 170 -1.000000 0.000000
171 136 0.500000 0.000000
171 165 0.500000 0.000000
171 170 0.500000 0.000000
172 137 0.500000 0.000000
172 169 0.500000 0.000000
173 138 0.500000 0.000000
173 170 0.500000 0.000000
173 172 0.500000 0.000000
174 139 0.500000 0.000000
174 171 0.500000 0.000000
174 173 0.500000 0.000000
175 140 0.500000 0.000000
175 174 0.500000 0.000000
175 175 1.000000 0.000000
176 156 0.500000 0.000000
176 176 1.000000 0.000000
177 157 0.500000 0.000000
177 176 0.500000 0.000000
178 158 0.500000 0.000000
178 177 0.500000 0.000000
179 159 0.500000 0.000000
179 178 0.500000 0.000000
179 179 1.000000 0.000000
180 160 0.500000 0.000000
180 177 0.500000 0.000000
181 161 0.500000 0.000000
181 178 0.500000 0.000000
181 180 0.500000 0.000000
181 181 -1.000000 0.000000
182 162 0.500000 0.000000
182 179 0.500000 0.000000
182 181 0.500000 0.000000
183 163 0.500000 0.000000
183 181 0.500000 0.000000
184 164 0.500000 0.000000
184 182 0.500000 0.000000
184 183 0.500000 0.000000
185 165 0.500000 0.000000
185 184 0.500000 0.000000
185 185 1.000000 0.000000
186 166 0.500000 0.000000
186 180 0.500000 0.000000
187 167 0.500000 0.000000
187 181 0.500000 0.000000
187 186 0.500000 0.000000
187 187 -1.000000 0.000000
188 168 0.500000 0.000000
188 182 0.500000 0.000000
188 187 0.500000 0.000000
189 169 0.500000 0.000000
189 183 0.500000 0.000000
189 187 0.500000 0.000000
189 189 -1.000000 0.000000
190 170 0.500000 0.000000
190 184 0.500000 0.000000
190 188 0.500000 0.000000
190 189 0.500000 0.000000
190 190 -1.000000 0.000000
191 171 0.500000 0.000000
191 185 0.500000 0.000000
191 190 0.500000 0.000000
192 172 0.500000 0.000000
192 189 0.500000 0.000000
193 173 0.500000 0.000000
193 190 0.500000 0.000000
193 192 0.500000 0.000000
194 174 0.500000 0.000000
194 191 0.500000 0.000000
194 193 0.500000 0.000000
195 175 0.500000 0.000000
195 194 0.500000 0.000000
195 195 1.000000 0.000000
196 186 0.500000 0.000000
196 196 1.000000 0.000000
197 187 0.500000 0.000000
197 196 0.500000 0.000000
198 188 0.500000 0.000000
198 197 0.500000 0.000000
198 198 1.000000 0.000000
199 189 0.500000 0.000000
199 197 0.500000 0.000000
200 190 0.500000 0.000000
200 198 0.500000 0.000000
200 199 0.500000 0.000000
201 191 0.500000 0.000000
201 200 0.500000 0.000000
201 201 1.000000 0.000000
202 192 0.500000 0.000000
202 199 0.500000 0.000000
203 193 0.500000 0.000000
203 200 0.500000 0.000000
203 202 0.500000 0.000000
204 194 0.500000 0.000000
204 201 0.500000 0.000000
204 203 0.500000 0.000000
205 195 0.500000 0.000000
205 204 0.500000 0.000000
205 205 1.000000 0.000000
206 202 0.500000 0.000000
206 206 1.000000 0.000000
207 203 0.500000 0.000000
207 206 0.500000 0.000000
207 207 1.000000 0.000000
208 204 0.500000 0.000000
208 207 0.500000 0.000000
208 208 1.000000 0.000000
209 205 0.500000 0.000000
209 208 0.500000 0.000000
209 209 1.000000 0.000000
210 209 0.500000 0.000000
210 210 2.000000 0.000000
211 85 0.500000 0.000000
211 211 1.000000 0.000000
212 86 0.500000 0.000000
212 211 0.500000 0.000000
213 87 0.500000 0.000000
213 212 0.500000 0.000000
214 88 0.500000 0.000000
214 213 0.500000 0.000000
215 89 0.500000 0.000000
215 214 0.500000 0.000000
216 90 0.500000 0.000000
216 215 0.500000 0.000000
216 216 1.000000 0.000000
217 91 0.500000 0.000000
217 212 0.500000 0.000000
218 92 0.500000 0.000000
218 213 0.500000 0.000000
218 217 0.500000 0.000000
218 218 -1.000000 0.000000
219 93 0.500000 0.000000
219 214 0.500000 0.000000
219 218 0.500000 0.000000
219 219 -1.000000 0.000000
220 94 0.500000 0.000000
220 215 0.500000 0.000000
220 219 0.500000 0.000000
220 220 -1.000000 0.000000
221 95 0.500000 0.000000
221 216 0.500000 0.000000
221 220 0.500000 0.000000
222 96 0.500000 0.000000
222 218 0.500000 0.000000
223 97 0.500000 0.000000
223 219 0.500000 0.000000
223 222 0.500000 0.000000
223 223 -1.000000 0.000000
224 98 0.500000 0.000000
224 220 0.500000 0.000000
224 223 0.500000 0.000000
224 224 -1.000000 0.000000
225 99 0.500000 0.000000
225 221 0.500000 0.000000
225 224 0.500000 0.000000
226 100 0.500000 0.000000
226 223 0.500000 0.000000
227 101 0.500000 0.000000
227 224 0.500000 0.000000
227 226 0.500000 0.000000
227 227 -1.000000 0.000000
228 102 0.500000 0.000000
228 225 0.500000 0.000000
228 227 0.500000 0.000000
229 103 0.500000 0.000000
229 227 0.500000 0.000000
230 104 0.500000 0.000000
230 228 0.500000 0.000000
230 229 0.500000 0.000000
231 105 0.500000 0.000000
231 230 0.500000 0.000000
231 231 1.000000 0.000000
232 106 0.500000 0.000000
232 217 0.500000 0.000000
233 107 0.500000 0.000000
233 218 0.500000 0.000000
233 232 0.500000 0.000000
233 233 -1.000000 0.000000
234 108 0.500000 0.000000
234 219 0.500000 0.000000
234 233 0.500000 0.000000
234 234 -1.000000 0.000000
235 109 0.500000 0.000000
235 220 0.500000 0.000000
235 234 0.500000 0.000000
235 235 -1.000000 0.000000
236 110 0.500000 0.000000
236 221 0.500000 0.000000
236 235 0.500000 0.000000
237 111 0.500000 0.000000
237 222 0.500000 0.000000
237 233 0.500000 0.000000
237 237 -1.000000 0.000000
238 112 0.500000 0.000000
238 223 0.500000 0.000000
238 234 0.500000 0.000000
238 237 0.500000 0.000000
238 238 -2.000000 0.000000
239 113 0.500000 0.000000
239 224 0.500000 0.000000
239 235 0.500000 0.000000
239 238 0.500000 0.000000
239 239 -2.000000 0.000000
240 114 0.500000 0.000000
240 225 0.500000 0.000000
240 236 0.500000 0.000000
240 239 0.500000 0.000000
240 240 -1.000000 0.000000
241 115 0.500000 0.000000
241 226 0.500000 0.000000
241 238 0.500000 0.000000
241 241 -1.000000 0.000000
242 116 0.500000 0.000000
242 227 0.500000 0.000000
242 239 0.500000 0.000000
242 241 0.500000 0.000000
242 242 -2.000000 0.000000
243 117 0.500000 0.000000
243 228 0.500000 0.000000
243 240 0.500000 0.000000
243 242 0.500000 0.000000
243 243 -1.000000 0.000000
244 118 0.500000 0.000000
244 229 0.500000 0.000000
244 242 0.500000 0.000000
244 244 -1.000000 0.000000
245 119 0.500000 0.000000
245 230 0.500000 0.000000
245 243 0.500000 0.000000
245 244 0.500000 0.000000
245 245 -1.000000 0.000000
246 120 0.500000 0.000000
246 231 0.500000 0.000000
246 245 0.500000 0.000000
247 121 0.500000 0.000000
247 237 0.500000 0.000000
248 122 0.500000 0.000000
248 238 0.500000 0.000000
248 247 0.500000 0.000000
248 248 -1.000000 0.000000
249 123 0.500000 0.000000
249 239 0.500000 0.000000
249 248 0.500000 0.000000
249 249 -1.000000 0.000000
250 124 0.500000 0.000000
250 240 0.500000 0.000000
250 249 0.500000 0.000000
251 125 0.500000 0.000000
251 241 0.500000 0.000000
251 248 0.500000 0.000000
251 251 -1.000000 0.000000
252 126 0.500000 0.000000
252 242 0.500000 0.000000
252 249 0.500000 0.000000
252 251 0.500000 0.000000
252 252 -2.000000 0.000000
253 127 0.500000 0.000000
253 243 0.500000 0.000000
253 250 0.500000 0.000000
253 252 0.500000 0.000000
253 253 -1.000000 0.000000
254 128 0.500000 0.000000
254 244 0.500000 0.000000
254 252 0.500000 0.000000
254 254 -1.000000 0.000000
255 129 0.500000 0.000000
255 245 0.500000 0.000000
255 253 0.500000 0.000000
255 254 0.500000 0.000000
255 255 -1.000000 0.000000
256 130 0.500000 0.000000
256 246 0.500000 0.000000
256 255 0.500000 0.000000
257 131 0.500000 0.000000
257 251 0.500000 0.000000
258 132 0.500000 0.000000
258 252 0.500000 0.000000
258 257 0.500000 0.000000
258 258 -1.000000 0.000000
259 133 0.500000 0.000000
259 253 0.500000 0.000000
259 258 0.500000 0.000000
260 134 0.500000 0.000000
260 254 0.500000 0.000000
260 258 0.500000 0.000000
260 260 -1.000000 0.000000
261 135 0.500000 0.000000
261 255 0.500000 0.000000
261 259 0.500000 0.000000
261 260 0.500000 0.000000
261 261 -1.000000 0.000000
262 136 0.500000 0.000000
262 256 0.500000 0.000000
262 261 0.500000 0.000000
263 137 0.500000 0.000000
263 260 0.500000 0.000000
264 138 0.500000 0.000000
264 261 0.500000 0.000000
264 263 0.500000 0.000000
265 139 0.500000 0.000000
265 262 0.500000 0.000000
265 264 0.500000 0.000000
266 140 0.500000 0.000000
266 265 0.500000 0.000000
266 266 1.000000 0.000000
267 141 0.500000 0.000000
267 232 0.500000 0.000000
268 142 0.500000 0.000000
268 233 0.500000 0.000000
268 267 0.500000 0.000000
268 268 -1.000000 0.000000
269 143 0.500000 0.000000
269 234 0.500000 0.000000
269 268 0.500000 0.000000
269 269 -1.000000 0.000000
270 144 0.500000 0.000000
270 235 0.500000 0.000000
270 269 0.500000 0.000000
270 270 -1.000000 0.000000
271 145 0.500000 0.000000
271 236 0.500000 0.000000
271 270 0.500000 0.000000
272 146 0.500000 0.000000
272 237 0.500000 0.000000
272 268 0.500000 0.000000
272 272 -1.000000 0.000000
273 147 0.500000 0.000000
273 238 0.500000 0.000000
273 269 0.500000 0.000000
273 272 0.500000 0.000000
273 273 -2.000000 0.000000
274 148 0.500000 0.000000
274 239 0.500000 0.000000
274 270 0.500000 0.000000
274 273 0.500000 0.000000
274 274 -2.000000 0.000000
275 149 0.500000 0.000000
275 240 0.500000 0.000000
275 271 0.500000 0.000000
275 274 0.500000 0.000000
275 275 -1.000000 0.000000
276 150 0.500000 0.000000
276 241 0.500000 0.000000
276 273 0.500000 0.000000
276 276 -1.000000 0.000000
277 151 0.500000 0.000000
277 242 0.500000 0.000000
277 274 0.500000 0.000000
277 276 0.500000 0.000000
277 277 -2.000000 0.000000
278 152 0.500000 0.000000
278 243 0.500000 0.000000
278 275 0.500000 0.000000
278 277 0.500000 0.000000
278 278 -1.000000 0.000000
279 153 0.500000 0.000000
279 244 0.500000 0.000000
279 277 0.500000 0.000000
279 279 -1.000000 0.000000
280 154 0.500000 0.000000
280 245 0.500000 0.000000
280 278 0.500000 0.000000
280 279 0.500000 0.000000
280 280 -1.000000 0.000000
281 155 0.500000 0.000000
281 246 0.500000 0.000000
281 280 0.500000 0.000000
282 156 0.500000 0.000000
282 247 0.500000 0.000000
282 272 0.500000 0.000000
282 282 -1.000000 0.000000
283 157 0.500000 0.000000
283 248 0.500000 0.000000
283 273 0.500000 0.000000
283 282 0.500000 0.000000
283 283 -2.000000 0.000000
284 158 0.500000 0.000000
284 249 0.500000 0.000000
284 274 0.500000 0.000000
284 283 0.500000 0.000000
284 284 -2.000000 0.000000
285 159 0.500000 0.000000
285 250 0.500000 0.000000
285 275 0.500000 0.000000
285 284 0.500000 0.000000
285 285 -1.000000 0.000000
286 160 0.500000 0.000000
286 251 0.500000 0.000000
286 276 0.500000 0.000000
286 283 0.500000 0.000000
286 286 -2.000000 0.000000
287 161 0.500000 0.000000
287 252 0.500000 0.000000
287 277 0.500000 0.000000
287 284 0.500000 0.000000
287 286 0.500000 0.000000
287 287 -3.000000 0.000000
288 162 0.500000 0.000000
288 253 0.500000 0.000000
288 278 0.500000 0.000000
288 285 0.500000 0.000000
288 287 0.500000 0.000000
288 288 -2.000000 0.000000
289 163 0.500000 0.000000
289 254 0.500000 0.000000
289 279 0.500000 0.000000
289 287 0.500000 0.000000
289 289 -2.000000 0.000000
290 164 0.500000 0.000000
290 255 0.500000 0.000000
290 280 0.500000 0.000000
290 288 0.500000 0.000000
290 289 0.500000 0.000000
290 290 -2.000000 0.000000
291 165 0.500000 0.000000
291 256 0.500000 0.000000
291 281 0.500000 0.000000
291 290 0.500000 0.000000
291 291 -1.000000 0.000000
292 166 0.500000 0.000000
292 257 0.500000 0.000000
292 286 0.500000 0.000000
292 292 -1.000000 0.000000
293 167 0.500000 0.000000
293 258 0.500000 0.000000
293 287 0.500000 0.000000
293 292 0.500000 0.000000
293 293 -2.000000 0.000000
294 168 0.500000 0.000000
294 259 0.500000 0.000000
294 288 0.500000 0.000000
294 293 0.500000 0.000000
294 294 -1.000000 0.000000
295 169 0.500000 0.000000
295 260 0.500000 0.000000
295 289 0.500000 0.000000
295 293 0.500000 0.000000
295 295 -2.000000 0.000000
296 170 0.500000 0.000000
296 261 0.500000 0.000000
296 290 0.500000 0.000000
296 294 0.500000 0.000000
296 295 0.500000 0.000000
296 296 -2.000000 0.000000
297 171 0.500000 0.000000
297 262 0.500000 0.000000
297 291 0.500000 0.000000
297 296 0.500000 0.000000
297 297 -1.000000 0.000000
298 172 0.500000 0.000000
298 263 0.500000 0.000000
298 295 0.500000 0.000000
298 298 -1.000000 0.000000
299 173 0.500000 0.000000
299 264 0.500000 0.000000
299 296 0.500000 0.000000
299 298 0.500000 0.000000
299 299 -1.000000 0.000000
300 174 0.500000 0.000000
300 265 0.500000 0.000000
300 297 0.500000 0.000000
300 299 0.500000 0.000000
300 300 -1.000000 0.000000
301 175 0.500000 0.000000
301 266 0.500000 0.000000
301 300 0.500000 0.000000
302 176 0.500000 0.000000
302 282 0.500000 0.000000
303 177 0.500000 0.000000
303 283 0.500000 0.000000
303 302 0.500000 0.000000
303 303 -1.000000 0.000000
304 178 0.500000 0.000000
304 284 0.500000 0.000000
304 303 0.500000 0.000000
304 304 -1.000000 0.000000
305 179 0.500000 0.000000
305 285 0.500000 0.000000
305 304 0.500000 0.000000
306 180 0.500000 0.000000
306 286 0.500000 0.000000
306 303 0.500000 0.000000
306 306 -1.000000 0.000000
307 181 0.500000 0.000000
307 287 0.500000 0.000000
307 304 0.500000 0.000000
307 306 0.500000 0.000000
307 307 -2.000000 0.000000
308 182 0.500000 0.000000
308 288 0.500000 0.000000
308 305 0.500000 0.000000
308 307 0.500000 0.000000
308 308 -1.000000 0.000000
309 183 0.500000 0.000000
309 289 0.500000 0.000000
309 307 0.500000 0.000000
309 309 -1.000000 0.000000
310 184 0.500000 0.000000
310 290 0.500000 0.000000
310 308 0.500000 0.000000
310 309 0.500000 0.000000
310 310 -1.000000 0.000000
311 185 0.500000 0.000000
311 291 0.500000 0.000000
311 310 0.500000 0.000000
312 186 0.500000 0.000000
312 292 0.500000 0.000000
312 306 0.500000 0.000000
312 312 -1.000000 0.000000
313 187 0.500000 0.000000
313 293 0.500000 0.000000
313 307 0.500000 0.000000
313 312 0.500000 0.000000
313 313 -2.000000 0.000000
314 188 0.500000 0.000000
314 294 0.500000 0.000000
314 308 0.500000 0.000000
314 313 0.500000 0.000000
314 314 -1.000000 0.000000
315 189 0.500000 0.000000
315 295 0.500000 0.000000
315 309 0.500000 0.000000
315 313 0.500000 0.000000
315 315 -2.000000 0.000000
316 190 0.500000 0.000000
316 296 0.500000 0.000000
316 310 0.500000 0.000000
316 314 0.500000 0.000000
316 315 0.500000 0.000000
316 316 -2.000000 0.000000
317 191 0.500000 0.000000
317 297 0.500000 0.000000
317 311 0.500000 0.000000
317 316 0.500000 0.000000
317 317 -1.000000 0.000000
318 192 0.500000 0.000000
318 298 0.500000 0.000000
318 315 0.500000 0.000000
318 318 -1.000000 0.000000
319 193 0.500000 0.000000
319 299 0.500000 0.000000
319 316 0.500000 0.000000
319 318 0.500000 0.000000
319 319 -1.000000 0.000000
320 194 0.500000 0.000000
320 300 0.500000 0.000000
320 317 0.500000 0.000000
320 319 0.500000 0.000000
320 320 -1.000000 0.000000
321 195 0.500000 0.000000
321 301 0.500000 0.000000
321 320 0.500000 0.000000
322 196 0.500000 0.000000
322 312 0.500000 0.000000
323 197 0.500000 0.000000
323 313 0.500000 0.000000
323 322 0.500000 0.000000
323 323 -1.000000 0.000000
324 198 0.500000 0.000000
324 314 0.500000 0.000000
324 323 0.500000 0.000000
325 199 0.500000 0.000000
325 315 0.500000 0.000000
325 323 0.500000 0.000000
325 325 -1.000000 0.000000
326 200 0.500000 0.000000
326 316 0.500000 0.000000
326 324 0.500000 0.000000
326 325 0.500000 0.000000
326 326 -1.000000 0.000000
327 201 0.500000 0.000000
327 317 0.500000 0.000000
327 326 0.500000 0.000000
328 202 0.500000 0.000000
328 318 0.500000 0.000000
328 325 0.500000 0.000000
328 328 -1.000000 0.000000
329 203 0.500000 0.000000
329 319 0.500000 0.000000
329 326 0.500000 0.000000
329 328 0.500000 0.000000
329 329 -1.000000 0.000000
330 204 0.500000 0.000000
330 320 0.500000 0.000000
330 327 0.500000 0.000000
330 329 0.500000 0.000000
330 330 -1.000000 0.000000
331 205 0.500000 0.000000
331 321 0.500000 0.000000
331 330 0.500000 0.000000
332 206 0.500000 0.000000
332 328 0.500000 0.000000
333 207 0.500000 0.000000
333 329 0.500000 0.000000
333 332 0.500000 0.000000
334 208 0.500000 0.000000
334 330 0.500000 0.000000
334 333 0.500000 0.000000
335 209 0.500000 0.000000
335 331 0.500000 0.000000
335 334 0.500000 0.000000
336 210 0.500000 0.000000
336 335 0.500000 0.000000
336 336 1.000000 0.000000
337 267 0.500000 0.000000
337 337 1.000000 0.000000
338 268 0.500000 0.000000
338 337 0.500000 0.000000
339 269 0.500000 0.000000
339 338 0.500000 0.000000
340 270 0.500000 0.000000
340 339 0.500000 0.000000
341 271 0.500000 0.000000
341 340 0.500000 0.000000
341 341 1.000000 0.000000
342 272 0.500000 0.000000
342 338 0.500000 0.000000
343 273 0.500000 0.000000
343 339 0.500000 0.000000
343 342 0.500000 0.000000
343 343 -1.000000 0.000000
344 274 0.500000 0.000000
344 340 0.500000 0.000000
344 343 0.500000 0.000000
344 344 -1.000000 0.000000
345 275 0.500000 0.000000
345 341 0.500000 0.000000
345 344 0.500000 0.000000
346 276 0.500000 0.000000
346 343 0.500000 0.000000
347 277 0.500000 0.000000
347 344 0.500000 0.000000
347 346 0.500000 0.000000
347 347 -1.000000 0.000000
348 278 0.500000 0.000000
348 345 0.500000 0.000000
348 347 0.500000 0.000000
349 279 0.500000 0.000000
349 347 0.500000 0.000000
350 280 0.500000 0.000000
350 348 0.500000 0.000000
350 349 0.500000 0.000000
351 281 0.500000 0.000000
351 350 0.500000 0.000000
351 351 1.000000 0.000000
352 282 0.500000 0.000000
352 342 0.500000 0.000000
353 283 0.500000 0.000000
353 343 0.500000 0.000000
353 352 0.500000 0.000000
353 353 -1.000000 0.000000
354 284 0.500000 0.000000
354 344 0.500000 0.000000
354 353 0.500000 0.000000
354 354 -1.000000 0.000000
355 285 0.500000 0.000000
355 345 0.500000 0.000000
355 354 0.500000 0.000000
356 286 0.500000 0.000000
356 346 0.500000 0.000000
356 353 0.500000 0.000000
356 356 -1.000000 0.000000
357 287 0.500000 0.000000
357 347 0.500000 0.000000
357 354 0.500000 0.000000
357 356 0.500000 0.000000
357 357 -2.000000 0.000000
358 288 0.500000 0.000000
358 348 0.500000 0.000000
358 355 0.500000 0.000000
358 357 0.500000 0.000000
358 358 -1.000000 0.000000
359 289 0.500000 0.000000
359 349 0.500000 0.000000
359 357 0.500000 0.000000
359 359 -1.000000 0.000000
360 290 0.500000 0.000000
360 350 0.500000 0.000000
360 358 0.500000 0.000000
360 359 0.500000 0.000000
360 360 -1.000000 0.000000
361 291 0.500000 0.000000
361 351 0.500000 0.000000
361 360 0.500000 0.000000
362 292 0.500000 0.000000
362 356 0.500000 0.000000
363 293 0.500000 0.000000
363 357 0.500000 0.000000
363 362 0.500000 0.000000
363 363 -1.000000 0.000000
364 294 0.500000 0.000000
364 358 0.500000 0.000000
364 363 0.500000 0.000000
365 295 0.500000 0.000000
365 359 0.500000 0.000000
365 363 0.500000 0.000000
365 365 -1.000000 0.000000
366 296 0.500000 0.000000
366 360 0.500000 0.000000
366 364 0.500000 0.000000
366 365 0.500000 0.000000
366 366 -1.000000 0.000000
367 297 0.500000 0.000000
367 361 0.500000 0.000000
367 366 0.500000 0.000000
368 298 0.500000 0.000000
368 365 0.500000 0.000000
369 299 0.500000 0.000000
369 366 0.500000 0.000000
369 368 0.500000 0.000000
370 300 0.500000 0.000000
370 367 0.500000 0.000000
370 369 0.500000 0.000000
371 301 0.500000 0.000000
371 370 0.500000 0.000000
371 371 1.000000 0.000000
372 302 0.500000 0.000000
372 352 0.500000 0.000000
373 303 0.500000 0.000000
373 353 0.500000 0.000000
373 372 0.500000 0.000000
373 373 -1.000000 0.000000
374 304 0.500000 0.000000
374 354 0.500000 0.000000
374 373 0.500000 0.000000
374 374 -1.000000 0.000000
375 305 0.500000 0.000000
375 355 0.500000 0.000000
375 374 0.500000 0.000000
376 306 0.500000 0.000000
376 356 0.500000 0.000000
376 373 0.500000 0.000000
376 376 -1.000000 0.000000
377 307 0.500000 0.000000
377 357 0.500000 0.000000
377 374 0.500000 0.000000
377 376 0.500000 0.000000
377 377 -2.000000 0.000000
378 308 0.500000 0.000000
378 358 0.500000 0.000000
378 375 0.500000 0.000000
378 377 0.500000 0.000000
378 378 -1.000000 0.000000
379 309 0.500000 0.000000
379 359 0.500000 0.000000
379 377 0.500000 0.000000
379 379 -1.000000 0.000000
380 310 0.500000 0.000000
380 360 0.500000 0.000000
380 378 0.500000 0.000000
380 379 0.500000 0.000000
380 380 -1.000000 0.000000
381 311 0.500000 0.000000
381 361 0.500000 0.000000
381 380 0.500000 0.000000
382 312 0.500000 0.000000
382 362 0.500000 0.000000
382 376 0.500000 0.000000
382 382 -1.000000 0.000000
383 313 0.500000 0.000000
383 363 0.500000 0.000000
383 377 0.500000 0.000000
383 382 0.500000 0.000000
383 383 -2.000000 0.000000
384 314 0.500000 0.000000
384 364 0.500000 0.000000
384 378 0.500000 0.000000
384 383 0.500000 0.000000
384 384 -1.000000 0.000000
385 315 0.500000 0.000000
385 365 0.500000 0.000000
385 379 0.500000 0.000000
385 383 0.500000 0.000000
385 385 -2.000000 0.000000
386 316 0.500000 0.000000
386 366 0.500000 0.000000
386 380 0.500000 0.000000
386 384 0.500000 0.000000
386 385 0.500000 0.000000
386 386 -2.000000 0.000000
387 317 0.500000 0.000000
387 367 0.500000 0.000000
387 381 0.500000 0.000000
387 386 0.500000 0.000000
387 387 -1.000000 0.000000
388 318 0.500000 0.000000
388 368 0.500000 0.000000
388 385 0.500000 0.000000
388 388 -1.000000 0.000000
389 319 0.500000 0.000000
389 369 0.500000 0.000000
389 386 0.500000 0.000000
389 388 0.500000 0.000000
389 389 -1.000000 0.000000
390 320 0.500000 0.000000
390 370 0.500000 0.000000
390 387 0.500000 0.000000
390 389 0.500000 0.000000
390 390 -1.000000 0.000000
391 321 0.500000 0.000000
391 371 0.500000 0.000000
391 390 0.500000 0.000000
392 322 0.500000 0.000000
392 382 0.500000 0.000000
393 323 0.500000 0.000000
393 383 0.500000 0.000000
393 392 0.500000 0.000000
393 393 -1.000000 0.000000
394 324 0.500000 0.000000
394 384 0.500000 0.000000
394 393 0.500000 0.000000
395 325 0.500000 0.000000
395 385 0.500000 0.000000
395 393 0.500000 0.000000
395 395 -1.000000 0.000000
396 326 0.500000 0.000000
396 386 0.500000 0.000000
396 394 0.500000 0.000000
396 395 0.500000 0.000000
396 396 -1.000000 0.000000
397 327 0.500000 0.000000
397 387 0.500000 0.000000
397 396 0.500000 0.000000
398 328 0.500000 0.000000
398 388 0.500000 0.000000
398 395 0.500000 0.000000
398 398 -1.000000 0.000000
399 329 0.500000 0.000000
399 389 0.500000 0.000000
399 396 0.500000 0.000000
399 398 0.500000 0.000000
399 399 -1.000000 0.000000
400 330 0.500000 0.000000
400 390 0.500000 0.000000
400 397 0.500000 0.000000
400 399 0.500000 0.000000
400 400 -1.000000 0.000000
401 331 0.500000 0.000000
401 391 0.500000 0.000000
401 400 0.500000 0.000000
402 332 0.500000 0.000000
402 398 0.500000 0.000000
403 333 0.500000 0.000000
403 399 0.500000 0.000000
403 402 0.500000 0.000000
404 334 0.500000 0.000000
404 400 0.500000 0.000000
404 403 0.500000 0.000000
405 335 0.500000 0.000000
405 401 0.500000 0.000000
405 404 0.500000 0.000000
406 336 0.500000 0.000000
406 405 0.500000 0.000000
406 406 1.000000 0.000000
407 372 0.500000 0.000000
407 407 1.000000 0.000000
408 373 0.500000 0.000000
408 407 0.500000 0.000000
409 374 0.500000 0.000000
409 408 0.500000 0.000000
410 375 0.500000 0.000000
410 409 0.500000 0.000000
410 410 1.000000 0.000000
411 376 0.500000 0.000000
411 408 0.500000 0.000000
412 377 0.500000 0.000000
412 409 0.500000 0.000000
412 411 0.500000 0.000000
412 412 -1.000000 0.000000
413 378 0.500000 0.000000
413 410 0.500000 0.000000
413 412 0.500000 0.000000
414 379 0.500000 0.000000
414 412 0.500000 0.000000
415 380 0.500000 0.000000
415 413 0.500000 0.000000
415 414 0.500000 0.000000
416 381 0.500000 0.000000
416 415 0.500000 0.000000
416 416 1.000000 0.000000
417 382 0.500000 0.000000
417 411 0.500000 0.000000
418 383 0.500000 0.000000
418 412 0.500000 0.000000
418 417 0.500000 0.000000
418 418 -1.000000 0.000000
419 384 0.500000 0.000000
419 413 0.500000 0.000000
419 418 0.500000 0.000000
420 385 0.500000 0.000000
420 414 0.500000 0.000000
420 418 0.500000 0.000000
420 420 -1.000000 0.000000
421 386 0.500000 0.000000
421 415 0.500000 0.000000
421 419 0.500000 0.000000
421 420 0.500000 0.000000
421 421 -1.000000 0.000000
422 387 0.500000 0.000000
422 416 0.500000 0.000000
422 421 0.500000 0.000000
423 388 0.500000 0.000000
423 420 0.500000 0.000000
424 389 0.500000 0.000000
424 421 0.500000 0.000000
424 423 0.500000 0.000000
425 390 0.500000 0.000000
425 422 0.500000 0.000000
425 424 0.500000 0.000000
426 391 0.500000 0.000000
426 425 0.500000 0.000000
426 426 1.000000 0.000000
427 392 0.500000 0.000000
427 417 0.500000 0.000000
428 393 0.500000 0.000000
428 418 0.500000 0.000000
428 427 0.500000 0.000000
428 428 -1.000000 0.000000
429 394 0.500000 0.000000
429 419 0.500000 0.000000
429 428 0.500000 0.000000
430 395 0.500000 0.000000
430 420 0.500000 0.000000
430 428 0.500000 0.000000
430 430 -1.000000 0.000000
431 396 0.500000 0.000000
431 421 0.500000 0.000000
431 429 0.500000 0.000000
431 430 0.500000 0.000000
431 431 -1.000000 0.000000
432 397 0.500000 0.000000
432 422 0.500000 0.000000
432 431 0.500000 0.000000
433 398 0.500000 0.000000
433 423 0.500000 0.000000
433 430 0.500000 0.000000
433 433 -1.000000 0.000000
434 399 0.500000 0.000000
434 424 0.500000 0.000000
434 431 0.500000 0.000000
434 433 0.500000 0.000000
434 434 -1.000000 0.000000
435 400 0.500000 0.000000
435 425 0.500000 0.000000
435 432 0.500000 0.000000
435 434 0.500000 0.000000
435 435 -1.000000 0.000000
436 401 0.500000 0.000000
436 426 0.500000 0.000000
436 435 0.500000 0.000000
437 402 0.500000 0.000000
437 433 0.500000 0.000000
438 403 0.500000 0.000000
438 434 0.500000 0.000000
438 437 0.500000 0.000000
439 404 0.500000 0.000000
439 435 0.500000 0.000000
439 438 0.500000 0.000000
440 405 0.500000 0.000000
440 436 0.500000 0.000000
440 439 0.500000 0.000000
441 406 0.500000 0.000000
441 440 0.500000 0.000000
441 441 1.000000 0.000000
442 427 0.500000 0.000000
442 442 1.000000 0.000000
443 428 0.500000 0.000000
443 442 0.500000 0.000000
444 429 0.500000 0.000000
444 443 0.500000 0.000000
444 444 1.000000 0.000000
445 430 0.500000 0.000000
445 443 0.500000 0.000000
446 431 0.500000 0.000000
446 444 0.500000 0.000000
446 445 0.500000 0.000000
447 432 0.500000 0.000000
447 446 0.500000 0.000000
447 447 1.000000 0.000000
448 433 0.500000 0.000000
448 445 0.500000 0.000000
449 434 0.500000 0.000000
449 446 0.500000 0.000000
449 448 0.500000 0.000000
450 435 0.500000 0.000000
450 447 0.500000 0.000000
450 449 0.500000 0.000000
451 436 0.500000 0.000000
451 450 0.500000 0.000000
451 451 1.000000 0.000000
452 437 0.500000 0.000000
452 448 0.500000 0.000000
453 438 0.500000 0.000000
453 449 0.500000 0.000000
453 452 0.500000 0.000000
454 439 0.500000 0.000000
454 450 0.500000 0.000000
454 453 0.500000 0.000000
455 440 0.500000 0.000000
455 451 0.500000 0.000000
455 454 0.500000 0.000000
456 441 0.500000 0.000000
456 455 0.500000 0.000000
456 456 1.000000 0.000000
457 452 0.500000 0.000000
457 457 1.000000 0.000000
458 453 0.500000 0.000000
458 457 0.500000 0.000000
458 458 1.000000 0.000000
459 454 0.500000 0.000000
459 458 0.500000 0.000000
459 459 1.000000 0.000000
460 455 0.500000 0.000000
460 459 0.500000 0.000000
460 460 1.000000 0.000000
461 456 0.500000 0.000000
461 460 0.500000 0.000000
461 461 1.000000 0.000000
462 461 0.500000 0.000000
462 462 2.000000 0.000000
463 211 0.500000 0.000000
463 463 2.000000 0.000000
464 212 0.500000 0.000000
464 463 0.500000 0.000000
464 464 1.000000 0.000000
465 213 0.500000 0.000000
465 464 0.500000 0.000000
465 465 1.000000 0.000000
466 214 0.500000 0.000000
466 465 0.500000 0.000000
466 466 1.000000 0.000000
467 215 0.500000 0.000000
467 466 0.500000 0.000000
467 467 1.000000 0.000000
468 1 0.500000 0.000000
468 216 0.500000 0.000000
468 467 0.500000 0.000000
468 468 1.000000 0.000000
469 217 0.500000 0.000000
469 464 0.500000 0.000000
469 469 1.000000 0.000000
470 218 0.500000 0.000000
470 465 0.500000 0.000000
470 469 0.500000 0.000000
471 219 0.500000 0.000000
471 466 0.500000 0.000000
471 470 0.500000 0.000000
472 220 0.500000 0.000000
472 467 0.500000 0.000000
472 471 0.500000 0.000000
473 2 0.500000 0.000000
473 221 0.500000 0.000000
473 468 0.500000 0.000000
473 472 0.500000 0.000000
474 222 0.500000 0.000000
474 470 0.500000 0.000000
474 474 1.000000 0.000000
475 223 0.500000 0.000000
475 471 0.500000 0.000000
475 474 0.500000 0.000000
476 224 0.500000 0.000000
476 472 0.500000 0.000000
476 475 0.500000 0.000000
477 3 0.500000 0.000000
477 225 0.500000 0.000000
477 473 0.500000 0.000000
477 476 0.500000 0.000000
478 226 0.500000 0.000000
478 475 0.500000 0.000000
478 478 1.000000 0.000000
479 227 0.500000 0.000000
479 476 0.500000 0.000000
479 478 0.500000 0.000000
480 4 0.500000 0.000000
480 228 0.500000 0.000000
480 477 0.500000 0.000000
480 479 0.500000 0.000000
481 229 0.500000 0.000000
481 479 0.500000 0.000000
481 481 1.000000 0.000000
482 5 0.500000 0.000000
482 230 0.500000 0.000000
482 480 0.500000 0.000000
482 481 0.500000 0.000000
483 6 0.500000 0.000000
483 231 0.500000 0.000000
483 482 0.500000 0.000000
483 483 1.000000 0.000000
484 232 0.500000 0.000000
484 469 0.500000 0.000000
484 484 1.000000 0.000000
485 233 0.500000 0.000000
485 470 0.500000 0.000000
485 484 0.500000 0.000000
486 234 0.500000 0.000000
486 471 0.500000 0.000000
486 485 0.500000 0.000000
487 235 0.500000 0.000000
487 472 0.500000 0.000000
487 486 0.500000 0.000000
488 8 0.500000 0.000000
488 236 0.500000 0.000000
488 473 0.500000 0.000000
488 487 0.500000 0.000000
489 237 0.500000 0.000000
489 474 0.500000 0.000000
489 485 0.500000 0.000000
490 238 0.500000 0.000000
490 475 0.500000 0.000000
490 486 0.500000 0.000000
490 489 0.500000 0.000000
490 490 -1.000000 0.000000
491 239 0.500000 0.000000
491 476 0.500000 0.000000
491 487 0.500000 0.000000
491 490 0.500000 0.000000
491 491 -1.000000 0.000000
492 9 0.500000 0.000000
492 240 0.500000 0.000000
492 477 0.500000 0.000000
492 488 0.500000 0.000000
492 491 0.500000 0.000000
492 492 -1.000000 0.000000
493 241 0.500000 0.000000
493 478 0.500000 0.000000
493 490 0.500000 0.000000
494 242 0.500000 0.000000
494 479 0.500000 0.000000
494 491 0.500000 0.000000
494 493 0.500000 0.000000
494 494 -1.000000 0.000000
495 10 0.500000 0.000000
495 243 0.500000 0.000000
495 480 0.500000 0.000000
495 492 0.500000 0.000000
495 494 0.500000 0.000000
495 495 -1.000000 0.000000
496 244 0.500000 0.000000
496 481 0.500000 0.000000
496 494 0.500000 0.000000
497 11 0.500000 0.000000
497 245 0.500000 0.000000
497 482 0.500000 0.000000
497 495 0.500000 0.000000
497 496 0.500000 0.000000
497 497 -1.000000 0.000000
498 12 0.500000 0.000000
498 246 0.500000 0.000000
498 483 0.500000 0.000000
498 497 0.500000 0.000000
499 247 0.500000 0.000000
499 489 0.500000 0.000000
499 499 1.000000 0.000000
500 248 0.500000 0.000000
500 490 0.500000 0.000000
500 499 0.500000 0.000000
501 249 0.500000 0.000000
501 491 0.500000 0.000000
501 500 0.500000 0.000000
502 14 0.500000 0.000000
502 250 0.500000 0.000000
502 492 0.500000 0.000000
502 501 0.500000 0.000000
503 251 0.500000 0.000000
503 493 0.500000 0.000000
503 500 0.500000 0.000000
504 252 0.500000 0.000000
504 494 0.500000 0.000000
504 501 0.500000 0.000000
504 503 0.500000 0.000000
504 504 -1.000000 0.000000
505 15 0.500000 0.000000
505 253 0.500000 0.000000
505 495 0.500000 0.000000
505 502 0.500000 0.000000
505 504 0.500000 0.000000
505 505 -1.000000 0.000000
506 254 0.500000 0.000000
506 496 0.500000 0.000000
506 504 0.500000 0.000000
507 16 0.500000 0.000000
507 255 0.500000 0.000000
507 497 0.500000 0.000000
507 505 0.500000 0.000000
507 506 0.500000 0.000000
507 507 -1.000000 0.000000
508 17 0.500000 0.000000
508 256 0.500000 0.000000
508 498 0.500000 0.000000
508 507 0.500000 0.000000
509 257 0.500000 0.000000
509 503 0.500000 0.000000
509 509 1.000000 0.000000
510 258 0.500000 0.000000
510 504 0.500000 0.000000
510 509 0.500000 0.000000
511 19 0.500000 0.000000
511 259 0.500000 0.000000
511 505 0.500000 0.000000
511 510 0.500000 0.000000
512 260 0.500000 0.000000
512 506 0.500000 0.000000
512 510 0.500000 0.000000
513 20 0.500000 0.000000
513 261 0.500000 0.000000
513 507 0.500000 0.000000
513 511 0.500000 0.000000
513 512 0.500000 0.000000
513 513 -1.000000 0.000000
514 21 0.500000 0.000000
514 262 0.500000 0.000000
514 508 0.500000 0.000000
514 513 0.500000 0.000000
515 263 0.500000 0.000000
515 512 0.500000 0.000000
515 515 1.000000 0.000000
516 23 0.500000 0.000000
516 264 0.500000 0.000000
516 513 0.500000 0.000000
516 515 0.500000 0.000000
517 24 0.500000 0.000000
517 265 0.500000 0.000000
517 514 0.500000 0.000000
517 516 0.500000 0.000000
518 26 0.500000 0.000000
518 266 0.500000 0.000000
518 517 0.500000 0.000000
518 518 1.000000 0.000000
519 267 0.500000 0.000000
519 484 0.500000 0.000000
519 519 1.000000 0.000000
520 268 0.500000 0.000000
520 485 0.500000 0.000000
520 519 0.500000 0.000000
521 269 0.500000 0.000000
521 486 0.500000 0.000000
521 520 0.500000 0.000000
522 270 0.500000 0.000000
522 487 0.500000 0.000000
522 521 0.500000 0.000000
523 29 0.500000 0.000000
523 271 0.500000 0.000000
523 488 0.500000 0.000000
523 522 0.500000 0.000000
524 272 0.500000 0.000000
524 489 0.500000 0.000000
524 520 0.500000 0.000000
525 273 0.500000 0.000000
525 490 0.500000 0.000000
525 521 0.500000 0.000000
525 524 0.500000 0.000000
525 525 -1.000000 0.000000
526 274 0.500000 0.000000
526 491 0.500000 0.000000
526 522 0.500000 0.000000
526 525 0.500000 0.000000
526 526 -1.000000 0.000000
527 30 0.500000 0.000000
527 275 0.500000 0.000000
527 492 0.500000 0.000000
527 523 0.500000 0.000000
527 526 0.500000 0.000000
527 527 -1.000000 0.000000
528 276 0.500000 0.000000
528 493 0.500000 0.000000
528 525 0.500000 0.000000
529 277 0.500000 0.000000
529 494 0.500000 0.000000
529 526 0.500000 0.000000
529 528 0.500000 0.000000
529 529 -1.000000 0.000000
530 31 0.500000 0.000000
530 278 0.500000 0.000000
530 495 0.500000 0.000000
530 527 0.500000 0.000000
530 529 0.500000 0.000000
530 530 -1.000000 0.000000
531 279 0.500000 0.000000
531 496 0.500000 0.000000
531 529 0.500000 0.000000
532 32 0.500000 0.000000
532 280 0.500000 0.000000
532 497 0.500000 0.000000
532 530 0.500000 0.000000
532 531 0.500000 0.000000
532 532 -1.000000 0.000000
533 33 0.500000 0.000000
533 281 0.500000 0.000000
533 498 0.500000 0.000000
533 532 0.500000 0.000000
534 282 0.500000 0.000000
534 499 0.500000 0.000000
534 524 0.500000 0.000000
535 283 0.500000 0.000000
535 500 0.500000 0.000000
535 525 0.500000 0.000000
535 534 0.500000 0.000000
535 535 -1.000000 0.000000
536 284 0.500000 0.000000
536 501 0.500000 0.000000
536 526 0.500000 0.000000
536 535 0.500000 0.000000
536 536 -1.000000 0.000000
537 35 0.500000 0.000000
537 285 0.500000 0.000000
537 502 0.500000 0.000000
537 527 0.500000 0.000000
537 536 0.500000 0.000000
537 537 -1.000000 0.000000
538 286 0.500000 0.000000
538 503 0.500000 0.000000
538 528 0.500000 0.000000
538 535 0.500000 0.000000
538 538 -1.000000 0.000000
539 287 0.500000 0.000000
539 504 0.500000 0.000000
539 529 0.500000 0.000000
539 536 0.500000 0.000000
539 538 0.500000 0.000000
539 539 -2.000000 0.000000
540 36 0.500000 0.000000
540 288 0.500000 0.000000
540 505 0.500000 0.000000
540 530 0.500000 0.000000
540 537 0.500000 0.000000
540 539 0.500000 0.000000
540 540 -2.000000 0.000000
541 289 0.500000 0.000000
541 506 0.500000 0.000000
541 531 0.500000 0.000000
541 539 0.500000 0.000000
541 541 -1.000000 0.000000
542 37 0.500000 0.000000
542 290 0.500000 0.000000
542 507 0.500000 0.000000
542 532 0.500000 0.000000
542 540 0.500000 0.000000
542 541 0.500000 0.000000
542 542 -2.000000 0.000000
543 38 0.500000 0.000000
543 291 0.500000 0.000000
543 508 0.500000 0.000000
543 533 0.500000 0.000000
543 542 0.500000 0.000000
543 543 -1.000000 0.000000
544 292 0.500000 0.000000
544 509 0.500000 0.000000
544 538 0.500000 0.000000
545 293 0.500000 0.000000
545 510 0.500000 0.000000
545 539 0.500000 0.000000
545 544 0.500000 0.000000
545 545 -1.000000 0.000000
546 40 0.500000 0.000000
546 294 0.500000 0.000000
546 511 0.500000 0.000000
546 540 0.500000 0.000000
546 545 0.500000 0.000000
546 546 -1.000000 0.000000
547 295 0.500000 0.000000
547 512 0.500000 0.000000
547 541 0.500000 0.000000
547 545 0.500000 0.000000
547 547 -1.000000 0.000000
548 41 0.500000 0.000000
548 296 0.500000 0.000000
548 513 0.500000 0.000000
548 542 0.500000 0.000000
548 546 0.500000 0.000000
548 547 0.500000 0.000000
548 548 -2.000000 0.000000
549 42 0.500000 0.000000
549 297 0.500000 0.000000
549 514 0.500000 0.000000
549 543 0.500000 0.000000
549 548 0.500000 0.000000
549 549 -1.000000 0.000000
550 298 0.500000 0.000000
550 515 0.500000 0.000000
550 547 0.500000 0.000000
551 44 0.500000 0.000000
551 299 0.500000 0.000000
551 516 0.500000 0.000000
551 548 0.500000 0.000000
551 550 0.500000 0.000000
551 551 -1.000000 0.000000
552 45 0.500000 0.000000
552 300 0.500000 0.000000
552 517 0.500000 0.000000
552 549 0.500000 0.000000
552 551 0.500000 0.000000
552 552 -1.000000 0.000000
553 47 0.500000 0.000000
553 301 0.500000 0.000000
553 518 0.500000 0.000000
553 552 0.500000 0.000000
554 302 0.500000 0.000000
554 534 0.500000 0.000000
554 554 1.000000 0.000000
555 303 0.500000 0.000000
555 535 0.500000 0.000000
555 554 0.500000 0.000000
556 304 0.500000 0.000000
556 536 0.500000 0.000000
556 555 0.500000 0.000000
557 50 0.500000 0.000000
557 305 0.500000 0.000000
557 537 0.500000 0.000000
557 556 0.500000 0.000000
558 306 0.500000 0.000000
558 538 0.500000 0.000000
558 555 0.500000 0.000000
559 307 0.500000 0.000000
559 539 0.500000 0.000000
559 556 0.500000 0.000000
559 558 0.500000 0.000000
559 559 -1.000000 0.000000
560 51 0.500000 0.000000
560 308 0.500000 0.000000
560 540 0.500000 0.000000
560 557 0.500000 0.000000
560 559 0.500000 0.000000
560 560 -1.000000 0.000000
561 309 0.500000 0.000000
561 541 0.500000 0.000000
561 559 0.500000 0.000000
562 52 0.500000 0.000000
562 310 0.500000 0.000000
562 542 0.500000 0.000000
562 560 0.500000 0.000000
562 561 0.500000 0.000000
562 562 -1.000000 0.000000
563 53 0.500000 0.000000
563 311 0.500000 0.000000
563 543 0.500000 0.000000
563 562 0.500000 0.000000
564 312 0.500000 0.000000
564 544 0.500000 0.000000
564 558 0.500000 0.000000
565 313 0.500000 0.000000
565 545 0.500000 0.000000
565 559 0.500000 0.000000
565 564 0.500000 0.000000
565 565 -1.000000 0.000000
566 55 0.500000 0.000000
566 314 0.500000 0.000000
566 546 0.500000 0.000000
566 560 0.500000 0.000000
566 565 0.500000 0.000000
566 566 -1.000000 0.000000
567 315 0.500000 0.000000
567 547 0.500000 0.000000
567 561 0.500000 0.000000
567 565 0.500000 0.000000
567 567 -1.000000 0.000000
568 56 0.500000 0.000000
568 316 0.500000 0.000000
568 548 0.500000 0.000000
568 562 0.500000 0.000000
568 566 0.500000 0.000000
568 567 0.500000 0.000000
568 568 -2.000000 0.000000
569 57 0.500000 0.000000
569 317 0.500000 0.000000
569 549 0.500000 0.000000
569 563 0.500000 0.000000
569 568 0.500000 0.000000
569 569 -1.000000 0.000000
570 318 0.500000 0.000000
570 550 0.500000 0.000000
570 567 0.500000 0.000000
571 59 0.500000 0.000000
571 319 0.500000 0.000000
571 551 0.500000 0.000000
571 568 0.500000 0.000000
571 570 0.500000 0.000000
571 571 -1.000000 0.000000
572 60 0.500000 0.000000
572 320 0.500000 0.000000
572 552 0.500000 0.000000
572 569 0.500000 0.000000
572 571 0.500000 0.000000
572 572 -1.000000 0.000000
573 62 0.500000 0.000000
573 321 0.500000 0.000000
573 553 0.500000 0.000000
573 572 0.500000 0.000000
574 322 0.500000 0.000000
574 564 0.500000 0.000000
574 574 1.000000 0.000000
575 323 0.500000 0.000000
575 565 0.500000 0.000000
575 574 0.500000 0.000000
576 65 0.500000 0.000000
576 324 0.500000 0.000000
576 566 0.500000 0.000000
576 575 0.500000 0.000000
577 325 0.500000 0.000000
577 567 0.500000 0.000000
577 575 0.500000 0.000000
578 66 0.500000 0.000000
578 326 0.500000 0.000000
578 568 0.500000 0.000000
578 576 0.500000 0.000000
578 577 0.500000 0.000000
578 578 -1.000000 0.000000
579 67 0.500000 0.000000
579 327 0.500000 0.000000
579 569 0.500000 0.000000
579 578 0.500000 0.000000
580 328 0.500000 0.000000
580 570 0.500000 0.000000
580 577 0.500000 0.000000
581 69 0.500000 0.000000
581 329 0.500000 0.000000
581 571 0.500000 0.000000
581 578 0.500000 0.000000
581 580 0.500000 0.000000
581 581 -1.000000 0.000000
582 70 0.500000 0.000000
582 330 0.500000 0.000000
582 572 0.500000 0.000000
582 579 0.500000 0.000000
582 581 0.500000 0.000000
582 582 -1.000000 0.000000
583 72 0.500000 0.000000
583 331 0.500000 0.000000
583 573 0.500000 0.000000
583 582 0.500000 0.000000
584 332 0.500000 0.000000
584 580 0.500000 0.000000
584 584 1.000000 0.000000
585 75 0.500000 0.000000
585 333 0.500000 0.000000
585 581 0.500000 0.000000
585 584 0.500000 0.000000
586 76 0.500000 0.000000
586 334 0.500000 0.000000
586 582 0.500000 0.000000
586 585 0.500000 0.000000
587 78 0.500000 0.000000
587 335 0.500000 0.000000
587 583 0.500000 0.000000
587 586 0.500000 0.000000
588 81 0.500000 0.000000
588 336 0.500000 0.000000
588 587 0.500000 0.000000
588 588 1.000000 0.000000
589 337 0.500000 0.000000
589 519 0.500000 0.000000
589 589 1.000000 0.000000
590 338 0.500000 0.000000
590 520 0.500000 0.000000
590 589 0.500000 0.000000
591 339 0.500000 0.000000
591 521 0.500000 0.000000
591 590 0.500000 0.000000
592 340 0.500000 0.000000
592 522 0.500000 0.000000
592 591 0.500000 0.000000
593 85 0.500000 0.000000
593 341 0.500000 0.000000
593 523 0.500000 0.000000
593 592 0.500000 0.000000
594 342 0.500000 0.000000
594 524 0.500000 0.000000
594 590 0.500000 0.000000
595 343 0.500000 0.000000
595 525 0.500000 0.000000
595 591 0.500000 0.000000
595 594 0.500000 0.000000
595 595 -1.000000 0.000000
596 344 0.500000 0.000000
596 526 0.500000 0.000000
596 592 0.500000 0.000000
596 595 0.500000 0.000000
596 596 -1.000000 0.000000
597 86 0.500000 0.000000
597 345 0.500000 0.000000
597 527 0.500000 0.000000
597 593 0.500000 0.000000
597 596 0.500000 0.000000
597 597 -1.000000 0.000000
598 346 0.500000 0.000000
598 528 0.500000 0.000000
598 595 0.500000 0.000000
599 347 0.500000 0.000000
599 529 0.500000 0.000000
599 596 0.500000 0.000000
599 598 0.500000 0.000000
599 599 -1.000000 0.000000
600 87 0.500000 0.000000
600 348 0.500000 0.000000
600 530 0.500000 0.000000
600 597 0.500000 0.000000
600 599 0.500000 0.000000
600 600 -1.000000 0.000000
601 349 0.500000 0.000000
601 531 0.500000 0.000000
601 599 0.500000 0.000000
602 88 0.500000 0.000000
602 350 0.500000 0.000000
602 532 0.500000 0.000000
602 600 0.500000 0.000000
602 601 0.500000 0.000000
602 602 -1.000000 0.000000
603 89 0.500000 0.000000
603 351 0.500000 0.000000
603 533 0.500000 0.000000
603 602 0.500000 0.000000
604 352 0.500000 0.000000
604 534 0.500000 0.000000
604 594 0.500000 0.000000
605 353 0.500000 0.000000
605 535 0.500000 0.000000
605 595 0.500000 0.000000
605 604 0.500000 0.000000
605 605 -1.000000 0.000000
606 354 0.500000 0.000000
606 536 0.500000 0.000000
606 596 0.500000 0.000000
606 605 0.500000 0.000000
606 606 -1.000000 0.000000
607 91 0.500000 0.000000
607 355 0.500000 0.000000
607 537 0.500000 0.000000
607 597 0.500000 0.000000
607 606 0.500000 0.000000
607 607 -1.000000 0.000000
608 356 0.500000 0.000000
608 538 0.500000 0.000000
608 598 0.500000 0.000000
608 605 0.500000 0.000000
608 608 -1.000000 0.000000
609 357 0.500000 0.000000
609 539 0.500000 0.000000
609 599 0.500000 0.000000
609 606 0.500000 0.000000
609 608 0.500000 0.000000
609 609 -2.000000 0.000000
610 92 0.500000 0.000000
610 358 0.500000 0.000000
610 540 0.500000 0.000000
610 600 0.500000 0.000000
610 607 0.500000 0.000000
610 609 0.500000 0.000000
610 610 -2.000000 0.000000
611 359 0.500000 0.000000
611 541 0.500000 0.000000
611 601 0.500000 0.000000
611 609 0.500000 0.000000
611 611 -1.000000 0.000000
612 93 0.500000 0.000000
612 360 0.500000 0.000000
612 542 0.500000 0.000000
612 602 0.500000 0.000000
612 610 0.500000 0.000000
612 611 0.500000 0.000000
612 612 -2.000000 0.000000
613 94 0.500000 0.000000
613 361 0.500000 0.000000
613 543 0.500000 0.000000
613 603 0.500000 0.000000
613 612 0.500000 0.000000
613 613 -1.000000 0.000000
614 362 0.500000 0.000000
614 544 0.500000 0.000000
614 608 0.500000 0.000000
615 363 0.500000 0.000000
615 545 0.500000 0.000000
615 609 0.500000 0.000000
615 614 0.500000 0.000000
615 615 -1.000000 0.000000
616 96 0.500000 0.000000
616 364 0.500000 0.000000
616 546 0.500000 0.000000
616 610 0.500000 0.000000
616 615 0.500000 0.000000
616 616 -1.000000 0.000000
617 365 0.500000 0.000000
617 547 0.500000 0.000000
617 611 0.500000 0.000000
617 615 0.500000 0.000000
617 617 -1.000000 0.000000
618 97 0.500000 0.000000
618 366 0.500000 0.000000
618 548 0.500000 0.000000
618 612 0.500000 0.000000
618 616 0.500000 0.000000
618 617 0.500000 0.000000
618 618 -2.000000 0.000000
619 98 0.500000 0.000000
619 367 0.500000 0.000000
619 549 0.500000 0.000000
619 613 0.500000 0.000000
619 618 0.500000 0.000000
619 619 -1.000000 0.000000
620 368 0.500000 0.000000
620 550 0.500000 0.000000
620 617 0.500000 0.000000
621 100 0.500000 0.000000
621 369 0.500000 0.000000
621 551 0.500000 0.000000
621 618 0.500000 0.000000
621 620 0.500000 0.000000
621 621 -1.000000 0.000000
622 101 0.500000 0.000000
622 370 0.500000 0.000000
622 552 0.500000 0.000000
622 619 0.500000 0.000000
622 621 0.500000 0.000000
622 622 -1.000000 0.000000
623 103 0.500000 0.000000
623 371 0.500000 0.000000
623 553 0.500000 0.000000
623 622 0.500000 0.000000
624 372 0.500000 0.000000
624 554 0.500000 0.000000
624 604 0.500000 0.000000
625 373 0.500000 0.000000
625 555 0.500000 0.000000
625 605 0.500000 0.000000
625 624 0.500000 0.000000
625 625 -1.000000 0.000000
626 374 0.500000 0.000000
626 556 0.500000 0.000000
626 606 0.500000 0.000000
626 625 0.500000 0.000000
626 626 -1.000000 0.000000
627 106 0.500000 0.000000
627 375 0.500000 0.000000
627 557 0.500000 0.000000
627 607 0.500000 0.000000
627 626 0.500000 0.000000
627 627 -1.000000 0.000000
628 376 0.500000 0.000000
628 558 0.500000 0.000000
628 608 0.500000 0.000000
628 625 0.500000 0.000000
628 628 -1.000000 0.000000
629 377 0.500000 0.000000
629 559 0.500000 0.000000
629 609 0.500000 0.000000
629 626 0.500000 0.000000
629 628 0.500000 0.000000
629 629 -2.000000 0.000000
630 107 0.500000 0.000000
630 378 0.500000 0.000000
630 560 0.500000 0.000000
630 610 0.500000 0.000000
630 627 0.500000 0.000000
630 629 0.500000 0.000000
630 630 -2.000000 0.000000
631 379 0.500000 0.000000
631 561 0.500000 0.000000
631 611 0.500000 0.000000
631 629 0.500000 0.000000
631 631 -1.000000 0.000000
632 108 0.500000 0.000000
632 380 0.500000 0.000000
632 562 0.500000 0.000000
632 612 0.500000 0.000000
632 630 0.500000 0.000000
632 631 0.500000 0.000000
632 632 -2.000000 0.000000
633 109 0.500000 0.000000
633 381 0.500000 0.000000
633 563 0.500000 0.000000
633 613 0.500000 0.000000
633 632 0.500000 0.000000
633 633 -1.000000 0.000000
634 382 0.500000 0.000000
634 564 0.500000 0.000000
634 614 0.500000 0.000000
634 628 0.500000 0.000000
634 634 -1.000000 0.000000
635 383 0.500000 0.000000
635 565 0.500000 0.000000
635 615 0.500000 0.000000
635 629 0.500000 0.000000
635 634 0.500000 0.000000
635 635 -2.000000 0.000000
636 111 0.500000 0.000000
636 384 0.500000 0.000000
636 566 0.500000 0.000000
636 616 0.500000 0.000000
636 630 0.500000 0.000000
636 635 0.500000 0.000000
636 636 -2.000000 0.000000
637 385 0.500000 0.000000
637 567 0.500000 0.000000
637 617 0.500000 0.000000
637 631 0.500000 0.000000
637 635 0.500000 0.000000
637 637 -2.000000 0.000000
638 112 0.500000 0.000000
638 386 0.500000 0.000000
638 568 0.500000 0.000000
638 618 0.500000 0.000000
638 632 0.500000 0.000000
638 636 0.500000 0.000000
638 637 0.500000 0.000000
638 638 -3.000000 0.000000
639 113 0.500000 0.000000
639 387 0.500000 0.000000
639 569 0.500000 0.000000
639 619 0.500000 0.000000
639 633 0.500000 0.000000
639 638 0.500000 0.000000
639 639 -2.000000 0.000000
640 388 0.500000 0.000000
640 570 0.500000 0.000000
640 620 0.500000 0.000000
640 637 0.500000 0.000000
640 640 -1.000000 0.000000
641 115 0.500000 0.000000
641 389 0.500000 0.000000
641 571 0.500000 0.000000
641 621 0.500000 0.000000
641 638 0.500000 0.000000
641 640 0.500000 0.000000
641 641 -2.000000 0.000000
642 116 0.500000 0.000000
642 390 0.500000 0.000000
642 572 0.500000 0.000000
642 622 0.500000 0.000000
642 639 0.500000 0.000000
642 641 0.500000 0.000000
642 642 -2.000000 0.000000
643 118 0.500000 0.000000
643 391 0.500000 0.000000
643 573 0.500000 0.000000
643 623 0.500000 0.000000
643 642 0.500000 0.000000
643 643 -1.000000 0.000000
644 392 0.500000 0.000000
644 574 0.500000 0.000000
644 634 0.500000 0.000000
645 393 0.500000 0.000000
645 575 0.500000 0.000000
645 635 0.500000 0.000000
645 644 0.500000 0.000000
645 645 -1.000000 0.000000
646 121 0.500000 0.000000
646 394 0.500000 0.000000
646 576 0.500000 0.000000
646 636 0.500000 0.000000
646 645 0.500000 0.000000
646 646 -1.000000 0.000000
647 395 0.500000 0.000000
647 577 0.500000 0.000000
647 637 0.500000 0.000000
647 645 0.500000 0.000000
647 647 -1.000000 0.000000
648 122 0.500000 0.000000
648 396 0.500000 0.000000
648 578 0.500000 0.000000
648 638 0.500000 0.000000
648 646 0.500000 0.000000
648 647 0.500000 0.000000
648 648 -2.000000 0.000000
649 123 0.500000 0.000000
649 397 0.500000 0.000000
649 579 0.500000 0.000000
649 639 0.500000 0.000000
649 648 0.500000 0.000000
649 649 -1.000000 0.000000
650 398 0.500000 0.000000
650 580 0.500000 0.000000
650 640 0.500000 0.000000
650 647 0.500000 0.000000
650 650 -1.000000 0.000000
651 125 0.500000 0.000000
651 399 0.500000 0.000000
651 581 0.500000 0.000000
651 641 0.500000 0.000000
651 648 0.500000 0.000000
651 650 0.500000 0.000000
651 651 -2.000000 0.000000
652 126 0.500000 0.000000
652 400 0.500000 0.000000
652 582 0.500000 0.000000
652 642 0.500000 0.000000
652 649 0.500000 0.000000
652 651 0.500000 0.000000
652 652 -2.000000 0.000000
653 128 0.500000 0.000000
653 401 0.500000 0.000000
653 583 0.500000 0.000000
653 643 0.500000 0.000000
653 652 0.500000 0.000000
653 653 -1.000000 0.000000
654 402 0.500000 0.000000
654 584 0.500000 0.000000
654 650 0.500000 0.000000
655 131 0.500000 0.000000
655 403 0.500000 0.000000
655 585 0.500000 0.000000
655 651 0.500000 0.000000
655 654 0.500000 0.000000
655 655 -1.000000 0.000000
656 132 0.500000 0.000000
656 404 0.500000 0.000000
656 586 0.500000 0.000000
656 652 0.500000 0.000000
656 655 0.500000 0.000000
656 656 -1.000000 0.000000
657 134 0.500000 0.000000
657 405 0.500000 0.000000
657 587 0.500000 0.000000
657 653 0.500000 0.000000
657 656 0.500000 0.000000
657 657 -1.000000 0.000000
658 137 0.500000 0.000000
658 406 0.500000 0.000000
658 588 0.500000 0.000000
658 657 0.500000 0.000000
659 407 0.500000 0.000000
659 624 0.500000 0.000000
659 659 1.000000 0.000000
660 408 0.500000 0.000000
660 625 0.500000 0.000000
660 659 0.500000 0.000000
661 409 0.500000 0.000000
661 626 0.500000 0.000000
661 660 0.500000 0.000000
662 141 0.500000 0.000000
662 410 0.500000 0.000000
662 627 0.500000 0.000000
662 661 0.500000 0.000000
663 411 0.500000 0.000000
663 628 0.500000 0.000000
663 660 0.500000 0.000000
664 412 0.500000 0.000000
664 629 0.500000 0.000000
664 661 0.500000 0.000000
664 663 0.500000 0.000000
664 664 -1.000000 0.000000
665 142 0.500000 0.000000
665 413 0.500000 0.000000
665 630 0.500000 0.000000
665 662 0.500000 0.000000
665 664 0.500000 0.000000
665 665 -1.000000 0.000000
666 414 0.500000 0.000000
666 631 0.500000 0.000000
666 664 0.500000 0.000000
667 143 0.500000 0.000000
667 415 0.500000 0.000000
667 632 0.500000 0.000000
667 665 0.500000 0.000000
667 666 0.500000 0.000000
667 667 -1.000000 0.000000
668 144 0.500000 0.000000
668 416 0.500000 0.000000
668 633 0.500000 0.000000
668 667 0.500000 0.000000
669 417 0.500000 0.000000
669 634 0.500000 0.000000
669 663 0.500000 0.000000
670 418 0.500000 0.000000
670 635 0.500000 0.000000
670 664 0.500000 0.000000
670 669 0.500000 0.000000
670 670 -1.000000 0.000000
671 146 0.500000 0.000000
671 419 0.500000 0.000000
671 636 0.500000 0.000000
671 665 0.500000 0.000000
671 670 0.500000 0.000000
671 671 -1.000000 0.000000
672 420 0.500000 0.000000
672 637 0.500000 0.000000
672 666 0.500000 0.000000
672 670 0.500000 0.000000
672 672 -1.000000 0.000000
673 147 0.500000 0.000000
673 421 0.500000 0.000000
673 638 0.500000 0.000000
673 667 0.500000 0.000000
673 671 0.500000 0.000000
673 672 0.500000 0.000000
673 673 -2.000000 0.000000
674 148 0.500000 0.000000
674 422 0.500000 0.000000
674 639 0.500000 0.000000
674 668 0.500000 0.000000
674 673 0.500000 0.000000
674 674 -1.000000 0.000000
675 423 0.500000 0.000000
675 640 0.500000 0.000000
675 672 0.500000 0.000000
676 150 0.500000 0.000000
676 424 0.500000 0.000000
676 641 0.500000 0.000000
676 673 0.500000 0.000000
676 675 0.500000 0.000000
676 676 -1.000000 0.000000
677 151 0.500000 0.000000
677 425 0.500000 0.000000
677 642 0.500000 0.000000
677 674 0.500000 0.000000
677 676 0.500000 0.000000
677 677 -1.000000 0.000000
678 153 0.500000 0.000000
678 426 0.500000 0.000000
678 643 0.500000 0.000000
678 677 0.500000 0.000000
679 427 0.500000 0.000000
679 644 0.500000 0.000000
679 669 0.500000 0.000000
680 428 0.500000 0.000000
680 645 0.500000 0.000000
680 670 0.500000 0.000000
680 679 0.500000 0.000000
680 680 -1.000000 0.000000
681 156 0.500000 0.000000
681 429 0.500000 0.000000
681 646 0.500000 0.000000
681 671 0.500000 0.000000
681 680 0.500000 0.000000
681 681 -1.000000 0.000000
682 430 0.500000 0.000000
682 647 0.500000 0.000000
682 672 0.500000 0.000000
682 680 0.500000 0.000000
682 682 -1.000000 0.000000
683 157 0.500000 0.000000
683 431 0.500000 0.000000
683 648 0.500000 0.000000
683 673 0.500000 0.000000
683 681 0.500000 0.000000
683 682 0.500000 0.000000
683 683 -2.000000 0.000000
684 158 0.500000 0.000000
684 432 0.500000 0.000000
684 649 0.500000 0.000000
684 674 0.500000 0.000000
684 683 0.500000 0.000000
684 684 -1.000000 0.000000
685 433 0.500000 0.000000
685 650 0.500000 0.000000
685 675 0.500000 0.000000
685 682 0.500000 0.000000
685 685 -1.000000 0.000000
686 160 0.500000 0.000000
686 434 0.500000 0.000000
686 651 0.500000 0.000000
686 676 0.500000 0.000000
686 683 0.500000 0.000000
686 685 0.500000 0.000000
686 686 -2.000000 0.000000
687 161 0.500000 0.000000
687 435 0.500000 0.000000
687 652 0.500000 0.000000
687 677 0.500000 0.000000
687 684 0.500000 0.000000
687 686 0.500000 0.000000
687 687 -2.000000 0.000000
688 163 0.500000 0.000000
688 436 0.500000 0.000000
688 653 0.500000 0.000000
688 678 0.500000 0.000000
688 687 0.500000 0.000000
688 688 -1.000000 0.000000
689 437 0.500000 0.000000
689 654 0.500000 0.000000
689 685 0.500000 0.000000
690 166 0.500000 0.000000
690 438 0.500000 0.000000
690 655 0.500000 0.000000
690 686 0.500000 0.000000
690 689 0.500000 0.000000
690 690 -1.000000 0.000000
691 167 0.500000 0.000000
691 439 0.500000 0.000000
691 656 0.500000 0.000000
691 687 0.500000 0.000000
691 690 0.500000 0.000000
691 691 -1.000000 0.000000
692 169 0.500000 0.000000
692 440 0.500000 0.000000
692 657 0.500000 0.000000
692 688 0.500000 0.000000
692 691 0.500000 0.000000
692 692 -1.000000 0.000000
693 172 0.500000 0.000000
693 441 0.500000 0.000000
693 658 0.500000 0.000000
693 692 0.500000 0.000000
694 442 0.500000 0.000000
694 679 0.500000 0.000000
694 694 1.000000 0.000000
695 443 0.500000 0.000000
695 680 0.500000 0.000000
695 694 0.500000 0.000000
696 176 0.500000 0.000000
696 444 0.500000 0.000000
696 681 0.500000 0.000000
696 695 0.500000 0.000000
697 445 0.500000 0.000000
697 682 0.500000 0.000000
697 695 0.500000 0.000000
698 177 0.500000 0.000000
698 446 0.500000 0.000000
698 683 0.500000 0.000000
698 696 0.500000 0.000000
698 697 0.500000 0.000000
698 698 -1.000000 0.000000
699 178 0.500000 0.000000
699 447 0.500000 0.000000
699 684 0.500000 0.000000
699 698 0.500000 0.000000
700 448 0.500000 0.000000
700 685 0.500000 0.000000
700 697 0.500000 0.000000
701 180 0.500000 0.000000
701 449 0.500000 0.000000
701 686 0.500000 0.000000
701 698 0.500000 0.000000
701 700 0.500000 0.000000
701 701 -1.000000 0.000000
702 181 0.500000 0.000000
702 450 0.500000 0.000000
702 687 0.500000 0.000000
702 699 0.500000 0.000000
702 701 0.500000 0.000000
702 702 -1.000000 0.000000
703 183 0.500000 0.000000
703 451 0.500000 0.000000
703 688 0.500000 0.000000
703 702 0.500000 0.000000
704 452 0.500000 0.000000
704 689 0.500000 0.000000
704 700 0.500000 0.000000
705 186 0.500000 0.000000
705 453 0.500000 0.000000
705 690 0.500000 0.000000
705 701 0.500000 0.000000
705 704 0.500000 0.000000
705 705 -1.000000 0.000000
706 187 0.500000 0.000000
706 454 0.500000 0.000000
706 691 0.500000 0.000000
706 702 0.500000 0.000000
706 705 0.500000 0.000000
706 706 -1.000000 0.000000
707 189 0.500000 0.000000
707 455 0.500000 0.000000
707 692 0.500000 0.000000
707 703 0.500000 0.000000
707 706 0.500000 0.000000
707 707 -1.000000 0.000000
708 192 0.500000 0.000000
708 456 0.500000 0.000000
708 693 0.500000 0.000000
708 707 0.500000 0.000000
709 457 0.500000 0.000000
709 704 0.500000 0.000000
709 709 1.000000 0.000000
710 196 0.500000 0.000000
710 458 0.500000 0.000000
710 705 0.500000 0.000000
710 709 0.500000 0.000000
711 197 0.500000 0.000000
711 459 0.500000 0.000000
711 706 0.500000 0.000000
711 710 0.500000 0.000000
712 199 0.500000 0.000000
712 460 0.500000 0.000000
712 707 0.500000 0.000000
712 711 0.500000 0.000000
713 202 0.500000 0.000000
713 461 0.500000 0.000000
713 708 0.500000 0.000000
713 712 0.500000 0.000000
714 206 0.500000 0.000000
714 462 0.500000 0.000000
714 713 0.500000 0.000000
714 714 1.000000 0.000000
715 589 0.500000 0.000000
715 715 2.000000 0.000000
716 590 0.500000 0.000000
716 715 0.500000 0.000000
716 716 1.000000 0.000000
717 591 0.500000 0.000000
717 716 0.500000 0.000000
717 717 1.000000 0.000000
718 592 0.500000 0.000000
718 717 0.500000 0.000000
718 718 1.000000 0.000000
719 211 0.500000 0.000000
719 593 0.500000 0.000000
719 718 0.500000 0.000000
719 719 1.000000 0.000000
720 594 0.500000 0.000000
720 716 0.500000 0.000000
720 720 1.000000 0.000000
721 595 0.500000 0.000000
721 717 0.500000 0.000000
721 720 0.500000 0.000000
722 596 0.500000 0.000000
722 718 0.500000 0.000000
722 721 0.500000 0.000000
723 212 0.500000 0.000000
723 597 0.500000 0.000000
723 719 0.500000 0.000000
723 722 0.500000 0.000000
724 598 0.500000 0.000000
724 721 0.500000 0.000000
724 724 1.000000 0.000000
725 599 0.500000 0.000000
725 722 0.500000 0.000000
725 724 0.500000 0.000000
726 213 0.500000 0.000000
726 600 0.500000 0.000000
726 723 0.500000 0.000000
726 725 0.500000 0.000000
727 601 0.500000 0.000000
727 725 0.500000 0.000000
727 727 1.000000 0.000000
728 214 0.500000 0.000000
728 602 0.500000 0.000000
728 726 0.500000 0.000000
728 727 0.500000 0.000000
729 215 0.500000 0.000000
729 603 0.500000 0.000000
729 728 0.500000 0.000000
729 729 1.000000 0.000000
730 604 0.500000 0.000000
730 720 0.500000 0.000000
730 730 1.000000 0.000000
731 605 0.500000 0.000000
731 721 0.500000 0.000000
731 730 0.500000 0.000000
732 606 0.500000 0.000000
732 722 0.500000 0.000000
732 731 0.500000 0.000000
733 217 0.500000 0.000000
733 607 0.500000 0.000000
733 723 0.500000 0.000000
733 732 0.500000 0.000000
734 608 0.500000 0.000000
734 724 0.500000 0.000000
734 731 0.500000 0.000000
735 609 0.500000 0.000000
735 725 0.500000 0.000000
735 732 0.500000 0.000000
735 734 0.500000 0.000000
735 735 -1.000000 0.000000
736 218 0.500000 0.000000
736 610 0.500000 0.000000
736 726 0.500000 0.000000
736 733 0.500000 0.000000
736 735 0.500000 0.000000
736 736 -1.000000 0.000000
737 611 0.500000 0.000000
737 727 0.500000 0.000000
737 735 0.500000 0.000000
738 219 0.500000 0.000000
738 612 0.500000 0.000000
738 728 0.500000 0.000000
738 736 0.500000 0.000000
738 737 0.500000 0.000000
738 738 -1.000000 0.000000
739 220 0.500000 0.000000
739 613 0.500000 0.000000
739 729 0.500000 0.000000
739 738 0.500000 0.000000
740 614 0.500000 0.000000
740 734 0.500000 0.000000
740 740 1.000000 0.000000
741 615 0.500000 0.000000
741 735 0.500000 0.000000
741 740 0.500000 0.000000
742 222 0.500000 0.000000
742 616 0.500000 0.000000
742 736 0.500000 0.000000
742 741 0.500000 0.000000
743 617 0.500000 0.000000
743 737 0.500000 0.000000
743 741 0.500000 0.000000
744 223 0.500000 0.000000
744 618 0.500000 0.000000
744 738 0.500000 0.000000
744 742 0.500000 0.000000
744 743 0.500000 0.000000
744 744 -1.000000 0.000000
745 224 0.500000 0.000000
745 619 0.500000 0.000000
745 739 0.500000 0.000000
745 744 0.500000 0.000000
746 620 0.500000 0.000000
746 743 0.500000 0.000000
746 746 1.000000 0.000000
747 226 0.500000 0.000000
747 621 0.500000 0.000000
747 744 0.500000 0.000000
747 746 0.500000 0.000000
748 227 0.500000 0.000000
748 622 0.500000 0.000000
748 745 0.500000 0.000000
748 747 0.500000 0.000000
749 229 0.500000 0.000000
749 623 0.500000 0.000000
749 748 0.500000 0.000000
749 749 1.000000 0.000000
750 624 0.500000 0.000000
750 730 0.500000 0.000000
750 750 1.000000 0.000000
751 625 0.500000 0.000000
751 731 0.500000 0.000000
751 750 0.500000 0.000000
752 626 0.500000 0.000000
752 732 0.500000 0.000000
752 751 0.500000 0.000000
753 232 0.500000 0.000000
753 627 0.500000 0.000000
753 733 0.500000 0.000000
753 752 0.500000 0.000000
754 628 0.500000 0.000000
754 734 0.500000 0.000000
754 751 0.500000 0.000000
755 629 0.500000 0.000000
755 735 0.500000 0.000000
755 752 0.500000 0.000000
755 754 0.500000 0.000000
755 755 -1.000000 0.000000
756 233 0.500000 0.000000
756 630 0.500000 0.000000
756 736 0.500000 0.000000
756 753 0.500000 0.000000
756 755 0.500000 0.000000
756 756 -1.000000 0.000000
757 631 0.500000 0.000000
757 737 0.500000 0.000000
757 755 0.500000 0.000000
758 234 0.500000 0.000000
758 632 0.500000 0.000000
758 738 0.500000 0.000000
758 756 0.500000 0.000000
758 757 0.500000 0.000000
758 758 -1.000000 0.000000
759 235 0.500000 0.000000
759 633 0.500000 0.000000
759 739 0.500000 0.000000
759 758 0.500000 0.000000
760 634 0.500000 0.000000
760 740 0.500000 0.000000
760 754 0.500000 0.000000
761 635 0.500000 0.000000
761 741 0.500000 0.000000
761 755 0.500000 0.000000
761 760 0.500000 0.000000
761 761 -1.000000 0.000000
762 237 0.500000 0.000000
762 636 0.500000 0.000000
762 742 0.500000 0.000000
762 756 0.500000 0.000000
762 761 0.500000 0.000000
762 762 -1.000000 0.000000
763 637 0.500000 0.000000
763 743 0.500000 0.000000
763 757 0.500000 0.000000
763 761 0.500000 0.000000
763 763 -1.000000 0.000000
764 238 0.500000 0.000000
764 638 0.500000 0.000000
764 744 0.500000 0.000000
764 758 0.500000 0.000000
764 762 0.500000 0.000000
764 763 0.500000 0.000000
764 764 -2.000000 0.000000
765 239 0.500000 0.000000
765 639 0.500000 0.000000
765 745 0.500000 0.000000
765 759 0.500000 0.000000
765 764 0.500000 0.000000
765 765 -1.000000 0.000000
766 640 0.500000 0.000000
766 746 0.500000 0.000000
766 763 0.500000 0.000000
767 241 0.500000 0.000000
767 641 0.500000 0.000000
767 747 0.500000 0.000000
767 764 0.500000 0.000000
767 766 0.500000 0.000000
767 767 -1.000000 0.000000
768 242 0.500000 0.000000
768 642 0.500000 0.000000
768 748 0.500000 0.000000
768 765 0.500000 0.000000
768 767 0.500000 0.000000
768 768 -1.000000 0.000000
769 244 0.500000 0.000000
769 643 0.500000 0.000000
769 749 0.500000 0.000000
769 768 0.500000 0.000000
770 644 0.500000 0.000000
770 760 0.500000 0.000000
770 770 1.000000 0.000000
771 645 0.500000 0.000000
771 761 0.500000 0.000000
771 770 0.500000 0.000000
772 247 0.500000 0.000000
772 646 0.500000 0.000000
772 762 0.500000 0.000000
772 771 0.500000 0.000000
773 647 0.500000 0.000000
773 763 0.500000 0.000000
773 771 0.500000 0.000000
774 248 0.500000 0.000000
774 648 0.500000 0.000000
774 764 0.500000 0.000000
774 772 0.500000 0.000000
774 773 0.500000 0.000000
774 774 -1.000000 0.000000
775 249 0.500000 0.000000
775 649 0.500000 0.000000
775 765 0.500000 0.000000
775 774 0.500000 0.000000
776 650 0.500000 0.000000
776 766 0.500000 0.000000
776 773 0.500000 0.000000
777 251 0.500000 0.000000
777 651 0.500000 0.000000
777 767 0.500000 0.000000
777 774 0.500000 0.000000
777 776 0.500000 0.000000
777 777 -1.000000 0.000000
778 252 0.500000 0.000000
778 652 0.500000 0.000000
778 768 0.500000 0.000000
778 775 0.500000 0.000000
778 777 0.500000 0.000000
778 778 -1.000000 0.000000
779 254 0.500000 0.000000
779 653 0.500000 0.000000
779 769 0.500000 0.000000
779 778 0.500000 0.000000
780 654 0.500000 0.000000
780 776 0.500000 0.000000
780 780 1.000000 0.000000
781 257 0.500000 0.000000
781 655 0.500000 0.000000
781 777 0.500000 0.000000
781 780 0.500000 0.000000
782 258 0.500000 0.000000
782 656 0.500000 0.000000
782 778 0.500000 0.000000
782 781 0.500000 0.000000
783 260 0.500000 0.000000
783 657 0.500000 0.000000
783 779 0.500000 0.000000
783 782 0.500000 0.000000
784 263 0.500000 0.000000
784 658 0.500000 0.000000
784 783 0.500000 0.000000
784 784 1.000000 0.000000
785 659 0.500000 0.000000
785 750 0.500000 0.000000
785 785 1.000000 0.000000
786 660 0.500000 0.000000
786 751 0.500000 0.000000
786 785 0.500000 0.000000
787 661 0.500000 0.000000
787 752 0.500000 0.000000
787 786 0.500000 0.000000
788 267 0.500000 0.000000
788 662 0.500000 0.000000
788 753 0.500000 0.000000
788 787 0.500000 0.000000
789 663 0.500000 0.000000
789 754 0.500000 0.000000
789 786 0.500000 0.000000
790 664 0.500000 0.000000
790 755 0.500000 0.000000
790 787 0.500000 0.000000
790 789 0.500000 0.000000
790 790 -1.000000 0.000000
791 268 0.500000 0.000000
791 665 0.500000 0.000000
791 756 0.500000 0.000000
791 788 0.500000 0.000000
791 790 0.500000 0.000000
791 791 -1.000000 0.000000
792 666 0.500000 0.000000
792 757 0.500000 0.000000
792 790 0.500000 0.000000
793 269 0.500000 0.000000
793 667 0.500000 0.000000
793 758 0.500000 0.000000
793 791 0.500000 0.000000
793 792 0.500000 0.000000
793 793 -1.000000 0.000000
794 270 0.500000 0.000000
794 668 0.500000 0.000000
794 759 0.500000 0.000000
794 793 0.500000 0.000000
795 669 0.500000 0.000000
795 760 0.500000 0.000000
795 789 0.500000 0.000000
796 670 0.500000 0.000000
796 761 0.500000 0.000000
796 790 0.500000 0.000000
796 795 0.500000 0.000000
796 796 -1.000000 0.000000
797 272 0.500000 0.000000
797 671 0.500000 0.000000
797 762 0.500000 0.000000
797 791 0.500000 0.000000
797 796 0.500000 0.000000
797 797 -1.000000 0.000000
798 672 0.500000 0.000000
798 763 0.500000 0.000000
798 792 0.500000 0.000000
798 796 0.500000 0.000000
798 798 -1.000000 0.000000
799 273 0.500000 0.000000
799 673 0.500000 0.000000
799 764 0.500000 0.000000
799 793 0.500000 0.000000
799 797 0.500000 0.000000
799 798 0.500000 0.000000
799 799 -2.000000 0.000000
800 274 0.500000 0.000000
800 674 0.500000 0.000000
800 765 0.500000 0.000000
800 794 0.500000 0.000000
800 799 0.500000 0.000000
800 800 -1.000000 0.000000
801 675 0.500000 0.000000
801 766 0.500000 0.000000
801 798 0.500000 0.000000
802 276 0.500000 0.000000
802 676 0.500000 0.000000
802 767 0.500000 0.000000
802 799 0.500000 0.000000
802 801 0.500000 0.000000
802 802 -1.000000 0.000000
803 277 0.500000 0.000000
803 677 0.500000 0.000000
803 768 0.500000 0.000000
803 800 0.500000 0.000000
803 802 0.500000 0.000000
803 803 -1.000000 0.000000
804 279 0.500000 0.000000
804 678 0.500000 0.000000
804 769 0.500000 0.000000
804 803 0.500000 0.000000
805 679 0.500000 0.000000
805 770 0.500000 0.000000
805 795 0.500000 0.000000
806 680 0.500000 0.000000
806 771 0.500000 0.000000
806 796 0.500000 0.000000
806 805 0.500000 0.000000
806 806 -1.000000 0.000000
807 282 0.500000 0.000000
807 681 0.500000 0.000000
807 772 0.500000 0.000000
807 797 0.500000 0.000000
807 806 0.500000 0.000000
807 807 -1.000000 0.000000
808 682 0.500000 0.000000
808 773 0.500000 0.000000
808 798 0.500000 0.000000
808 806 0.500000 0.000000
808 808 -1.000000 0.000000
809 283 0.500000 0.000000
809 683 0.500000 0.000000
809 774 0.500000 0.000000
809 799 0.500000 0.000000
809 807 0.500000 0.000000
809 808 0.500000 0.000000
809 809 -2.000000 0.000000
810 284 0.500000 0.000000
810 684 0.500000 0.000000
810 775 0.500000 0.000000
810 800 0.500000 0.000000
810 809 0.500000 0.000000
810 810 -1.000000 0.000000
811 685 0.500000 0.000000
811 776 0.500000 0.000000
811 801 0.500000 0.000000
811 808 0.500000 0.000000
811 811 -1.000000 0.000000
812 286 0.500000 0.000000
812 686 0.500000 0.000000
812 777 0.500000 0.000000
812 802 0.500000 0.000000
812 809 0.500000 0.000000
812 811 0.500000 0.000000
812 812 -2.000000 0.000000
813 287 0.500000 0.000000
813 687 0.500000 0.000000
813 778 0.500000 0.000000
813 803 0.500000 0.000000
813 810 0.500000 0.000000
813 812 0.500000 0.000000
813 813 -2.000000 0.000000
814 289 0.500000 0.000000
814 688 0.500000 0.000000
814 779 0.500000 0.000000
814 804 0.500000 0.000000
814 813 0.500000 0.000000
814 814 -1.000000 0.000000
815 689 0.500000 0.000000
815 780 0.500000 0.000000
815 811 0.500000 0.000000
816 292 0.500000 0.000000
816 690 0.500000 0.000000
816 781 0.500000 0.000000
816 812 0.500000 0.000000
816 815 0.500000 0.000000
816 816 -1.000000 0.000000
817 293 0.500000 0.000000
817 691 0.500000 0.000000
817 782 0.500000 0.000000
817 813 0.500000 0.000000
817 816 0.500000 0.000000
817 817 -1.000000 0.000000
818 295 0.500000 0.000000
818 692 0.500000 0.000000
818 783 0.500000 0.000000
818 814 0.500000 0.000000
818 817 0.500000 0.000000
818 818 -1.000000 0.000000
819 298 0.500000 0.000000
819 693 0.500000 0.000000
819 784 0.500000 0.000000
819 818 0.500000 0.000000
820 694 0.500000 0.000000
820 805 0.500000 0.000000
820 820 1.000000 0.000000
821 695 0.500000 0.000000
821 806 0.500000 0.000000
821 820 0.500000 0.000000
822 302 0.500000 0.000000
822 696 0.500000 0.000000
822 807 0.500000 0.000000
822 821 0.500000 0.000000
823 697 0.500000 0.000000
823 808 0.500000 0.000000
823 821 0.500000 0.000000
824 303 0.500000 0.000000
824 698 0.500000 0.000000
824 809 0.500000 0.000000
824 822 0.500000 0.000000
824 823 0.500000 0.000000
824 824 -1.000000 0.000000
825 304 0.500000 0.000000
825 699 0.500000 0.000000
825 810 0.500000 0.000000
825 824 0.500000 0.000000
826 700 0.500000 0.000000
826 811 0.500000 0.000000
826 823 0.500000 0.000000
827 306 0.500000 0.000000
827 701 0.500000 0.000000
827 812 0.500000 0.000000
827 824 0.500000 0.000000
827 826 0.500000 0.000000
827 827 -1.000000 0.000000
828 307 0.500000 0.000000
828 702 0.500000 0.000000
828 813 0.500000 0.000000
828 825 0.500000 0.000000
828 827 0.500000 0.000000
828 828 -1.000000 0.000000
829 309 0.500000 0.000000
829 703 0.500000 0.000000
829 814 0.500000 0.000000
829 828 0.500000 0.000000
830 704 0.500000 0.000000
830 815 0.500000 0.000000
830 826 0.500000 0.000000
831 312 0.500000 0.000000
831 705 0.500000 0.000000
831 816 0.500000 0.000000
831 827 0.500000 0.000000
831 830 0.500000 0.000000
831 831 -1.000000 0.000000
832 313 0.500000 0.000000
832 706 0.500000 0.000000
832 817 0.500000 0.000000
832 828 0.500000 0.000000
832 831 0.500000 0.000000
832 832 -1.000000 0.000000
833 315 0.500000 0.000000
833 707 0.500000 0.000000
833 818 0.500000 0.000000
833 829 0.500000 0.000000
833 832 0.500000 0.000000
833 833 -1.000000 0.000000
834 318 0.500000 0.000000
834 708 0.500000 0.000000
834 819 0.500000 0.000000
834 833 0.500000 0.000000
835 709 0.500000 0.000000
835 830 0.500000 0.000000
835 835 1.000000 0.000000
836 322 0.500000 0.000000
836 710 0.500000 0.000000
836 831 0.500000 0.000000
836 835 0.500000 0.000000
837 323 0.500000 0.000000
837 711 0.500000 0.000000
837 832 0.500000 0.000000
837 836 0.500000 0.000000
838 325 0.500000 0.000000
838 712 0.500000 0.000000
838 833 0.500000 0.000000
838 837 0.500000 0.000000
839 328 0.500000 0.000000
839 713 0.500000 0.000000
839 834 0.500000 0.000000
839 838 0.500000 0.000000
840 332 0.500000 0.000000
840 714 0.500000 0.000000
840 839 0.500000 0.000000
840 840 1.000000 0.000000
841 785 0.500000 0.000000
841 841 2.000000 0.000000
842 786 0.500000 0.000000
842 841 0.500000 0.000000
842 842 1.000000 0.000000
843 787 0.500000 0.000000
843 842 0.500000 0.000000
843 843 1.000000 0.000000
844 337 0.500000 0.000000
844 788 0.500000 0.000000
844 843 0.500000 0.000000
844 844 1.000000 0.000000
845 789 0.500000 0.000000
845 842 0.500000 0.000000
845 845 1.000000 0.000000
846 790 0.500000 0.000000
846 843 0.500000 0.000000
846 845 0.500000 0.000000
847 338 0.500000 0.000000
847 791 0.500000 0.000000
847 844 0.500000 0.000000
847 846 0.500000 0.000000
848 792 0.500000 0.000000
848 846 0.500000 0.000000
848 848 1.000000 0.000000
849 339 0.500000 0.000000
849 793 0.500000 0.000000
849 847 0.500000 0.000000
849 848 0.500000 0.000000
850 340 0.500000 0.000000
850 794 0.500000 0.000000
850 849 0.500000 0.000000
850 850 1.000000 0.000000
851 795 0.500000 0.000000
851 845 0.500000 0.000000
851 851 1.000000 0.000000
852 796 0.500000 0.000000
852 846 0.500000 0.000000
852 851 0.500000 0.000000
853 342 0.500000 0.000000
853 797 0.500000 0.000000
853 847 0.500000 0.000000
853 852 0.500000 0.000000
854 798 0.500000 0.000000
854 848 0.500000 0.000000
854 852 0.500000 0.000000
855 343 0.500000 0.000000
855 799 0.500000 0.000000
855 849 0.500000 0.000000
855 853 0.500000 0.000000
855 854 0.500000 0.000000
855 855 -1.000000 0.000000
856 344 0.500000 0.000000
856 800 0.500000 0.000000
856 850 0.500000 0.000000
856 855 0.500000 0.000000
857 801 0.500000 0.000000
857 854 0.500000 0.000000
857 857 1.000000 0.000000
858 346 0.500000 0.000000
858 802 0.500000 0.000000
858 855 0.500000 0.000000
858 857 0.500000 0.000000
859 347 0.500000 0.000000
859 803 0.500000 0.000000
859 856 0.500000 0.000000
859 858 0.500000 0.000000
860 349 0.500000 0.000000
860 804 0.500000 0.000000
860 859 0.500000 0.000000
860 860 1.000000 0.000000
861 805 0.500000 0.000000
861 851 0.500000 0.000000
861 861 1.000000 0.000000
862 806 0.500000 0.000000
862 852 0.500000 0.000000
862 861 0.500000 0.000000
863 352 0.500000 0.000000
863 807 0.500000 0.000000
863 853 0.500000 0.000000
863 862 0.500000 0.000000
864 808 0.500000 0.000000
864 854 0.500000 0.000000
864 862 0.500000 0.000000
865 353 0.500000 0.000000
865 809 0.500000 0.000000
865 855 0.500000 0.000000
865 863 0.500000 0.000000
865 864 0.500000 0.000000
865 865 -1.000000 0.000000
866 354 0.500000 0.000000
866 810 0.500000 0.000000
866 856 0.500000 0.000000
866 865 0.500000 0.000000
867 811 0.500000 0.000000
867 857 0.500000 0.000000
867 864 0.500000 0.000000
868 356 0.500000 0.000000
868 812 0.500000 0.000000
868 858 0.500000 0.000000
868 865 0.500000 0.000000
868 867 0.500000 0.000000
868 868 -1.000000 0.000000
869 357 0.500000 0.000000
869 813 0.500000 0.000000
869 859 0.500000 0.000000
869 866 0.500000 0.000000
869 868 0.500000 0.000000
869 869 -1.000000 0.000000
870 359 0.500000 0.000000
870 814 0.500000 0.000000
870 860 0.500000 0.000000
870 869 0.500000 0.000000
871 815 0.500000 0.000000
871 867 0.500000 0.000000
871 871 1.000000 0.000000
872 362 0.500000 0.000000
872 816 0.500000 0.000000
872 868 0.500000 0.000000
872 871 0.500000 0.000000
873 363 0.500000 0.000000
873 817 0.500000 0.000000
873 869 0.500000 0.000000
873 872 0.500000 0.000000
874 365 0.500000 0.000000
874 818 0.500000 0.000000
874 870 0.500000 0.000000
874 873 0.500000 0.000000
875 368 0.500000 0.000000
875 819 0.500000 0.000000
875 874 0.500000 0.000000
875 875 1.000000 0.000000
876 820 0.500000 0.000000
876 861 0.500000 0.000000
876 876 1.000000 0.000000
877 821 0.500000 0.000000
877 862 0.500000 0.000000
877 876 0.500000 0.000000
878 372 0.500000 0.000000
878 822 0.500000 0.000000
878 863 0.500000 0.000000
878 877 0.500000 0.000000
879 823 0.500000 0.000000
879 864 0.500000 0.000000
879 877 0.500000 0.000000
880 373 0.500000 0.000000
880 824 0.500000 0.000000
880 865 0.500000 0.000000
880 878 0.500000 0.000000
880 879 0.500000 0.000000
880 880 -1.000000 0.000000
881 374 0.500000 0.000000
881 825 0.500000 0.000000
881 866 0.500000 0.000000
881 880 0.500000 0.000000
882 826 0.500000 0.000000
882 867 0.500000 0.000000
882 879 0.500000 0.000000
883 376 0.500000 0.000000
883 827 0.500000 0.000000
883 868 0.500000 0.000000
883 880 0.500000 0.000000
883 882 0.500000 0.000000
883 883 -1.000000 0.000000
884 377 0.500000 0.000000
884 828 0.500000 0.000000
884 869 0.500000 0.000000
884 881 0.500000 0.000000
884 883 0.500000 0.000000
884 884 -1.000000 0.000000
885 379 0.500000 0.000000
885 829 0.500000 0.000000
885 870 0.500000 0.000000
885 884 0.500000 0.000000
886 830 0.500000 0.000000
886 871 0.500000 0.000000
886 882 0.500000 0.000000
887 382 0.500000 0.000000
887 831 0.500000 0.000000
887 872 0.500000 0.000000
887 883 0.500000 0.000000
887 886 0.500000 0.000000
887 887 -1.000000 0.000000
888 383 0.500000 0.000000
888 832 0.500000 0.000000
888 873 0.500000 0.000000
888 884 0.500000 0.000000
888 887 0.500000 0.000000
888 888 -1.000000 0.000000
889 385 0.500000 0.000000
889 833 0.500000 0.000000
889 874 0.500000 0.000000
889 885 0.500000 0.000000
889 888 0.500000 0.000000
889 889 -1.000000 0.000000
890 388 0.500000 0.000000
890 834 0.500000 0.000000
890 875 0.500000 0.000000
890 889 0.500000 0.000000
891 835 0.500000 0.000000
891 886 0.500000 0.000000
891 891 1.000000 0.000000
892 392 0.500000 0.000000
892 836 0.500000 0.000000
892 887 0.500000 0.000000
892 891 0.500000 0.000000
893 393 0.500000 0.000000
893 837 0.500000 0.000000
893 888 0.500000 0.000000
893 892 0.500000 0.000000
894 395 0.500000 0.000000
894 838 0.500000 0.000000
894 889 0.500000 0.000000
894 893 0.500000 0.000000
895 398 0.500000 0.000000
895 839 0.500000 0.000000
895 890 0.500000 0.000000
895 894 0.500000 0.000000
896 402 0.500000 0.000000
896 840 0.500000 0.000000
896 895 0.500000 0.000000
896 896 1.000000 0.000000
897 876 0.500000 0.000000
897 897 2.000000 0.000000
898 877 0.500000 0.000000
898 897 0.500000 0.000000
898 898 1.000000 0.000000
899 407 0.500000 0.000000
899 878 0.500000 0.000000
899 898 0.500000 0.000000
899 899 1.000000 0.000000
900 879 0.500000 0.000000
900 898 0.500000 0.000000
900 900 1.000000 0.000000
901 408 0.500000 0.000000
901 880 0.500000 0.000000
901 899 0.500000 0.000000
901 900 0.500000 0.000000
902 409 0.500000 0.000000
902 881 0.500000 0.000000
902 901 0.500000 0.000000
902 902 1.000000 0.000000
903 882 0.500000 0.000000
903 900 0.500000 0.000000
903 903 1.000000 0.000000
904 411 0.500000 0.000000
904 883 0.500000 0.000000
904 901 0.500000 0.000000
904 903 0.500000 0.000000
905 412 0.500000 0.000000
905 884 0.500000 0.000000
905 902 0.500000 0.000000
905 904 0.500000 0.000000
906 414 0.500000 0.000000
906 885 0.500000 0.000000
906 905 0.500000 0.000000
906 906 1.000000 0.000000
907 886 0.500000 0.000000
907 903 0.500000 0.000000
907 907 1.000000 0.000000
908 417 0.500000 0.000000
908 887 0.500000 0.000000
908 904 0.500000 0.000000
908 907 0.500000 0.000000
909 418 0.500000 0.000000
909 888 0.500000 0.000000
909 905 0.500000 0.000000
909 908 0.500000 0.000000
910 420 0.500000 0.000000
910 889 0.500000 0.000000
910 906 0.500000 0.000000
910 909 0.500000 0.000000
911 423 0.500000 0.000000
911 890 0.500000 0.000000
911 910 0.500000 0.000000
911 911 1.000000 0.000000
912 891 0.500000 0.000000
912 907 0.500000 0.000000
912 912 1.000000 0.000000
913 427 0.500000 0.000000
913 892 0.500000 0.000000
913 908 0.500000 0.000000
913 912 0.500000 0.000000
914 428 0.500000 0.000000
914 893 0.500000 0.000000
914 909 0.500000 0.000000
914 913 0.500000 0.000000
915 430 0.500000 0.000000
915 894 0.500000 0.000000
915 910 0.500000 0.000000
915 914 0.500000 0.000000
916 433 0.500000 0.000000
916 895 0.500000 0.000000
916 911 0.500000 0.000000
916 915 0.500000 0.000000
917 437 0.500000 0.000000
917 896 0.500000 0.000000
917 916 0.500000 0.000000
917 917 1.000000 0.000000
918 912 0.500000 0.000000
918 918 2.000000 0.000000
919 442 0.500000 0.000000
919 913 0.500000 0.000000
919 918 0.500000 0.000000
919 919 1.000000 0.000000
920 443 0.500000 0.000000
920 914 0.500000 0.000000
920 919 0.500000 0.000000
920 920 1.000000 0.000000
921 445 0.500000 0.000000
921 915 0.500000 0.000000
921 920 0.500000 0.000000
921 921 1.000000 0.000000
922 448 0.500000 0.000000
922 916 0.500000 0.000000
922 921 0.500000 0.000000
922 922 1.000000 0.000000
923 452 0.500000 0.000000
923 917 0.500000 0.000000
923 922 0.500000 0.000000
923 923 1.000000 0.000000
924 457 0.500000 0.000000
924 923 0.500000 0.000000
924 924 2.000000 0.000000
